550.87158203 550.87091064
550.44067383 550.44030762
550.02093506 550.02258301
549.59307861 549.59320068
549.15325928 549.15289307
548.70446777 548.70544434
548.24237061 548.24273682
547.77069092 547.77105713
547.28955078 547.28942871
546.79925537 546.79907227
546.30151367 546.30120850
545.79400635 545.79473877
545.27642822 545.27728271
544.75158691 544.75231934
544.21850586 544.21893311
543.67767334 543.67590332
543.12811279 543.12817383
542.57171631 542.57159424
542.00744629 542.00842285
541.43743896 541.43768311
540.85968018 540.85943604
540.27410889 540.27435303
539.68371582 539.68292236
539.08410645 539.08483887
538.47930908 538.47979736
537.86804199 537.86889648
537.25061035 537.25103760
536.62622070 536.62695312
535.99493408 535.99633789
535.35839844 535.35980225
534.71569824 534.71801758
534.06933594 534.06927490
533.41485596 533.41564941
532.75531006 532.75585938
532.08984375 532.09197998
531.41992188 531.42163086
530.74597168 530.74731445
530.06555176 530.06646729
529.38055420 529.38092041
528.69042969 528.69091797
527.99542236 527.99566650
527.29516602 527.29498291
526.59136963 526.59136963
525.88208008 525.88201904
525.16894531 525.16949463
524.45123291 524.45098877
523.72900391 523.72906494
523.00305176 523.00207520
522.27099609 522.27154541
521.53570557 521.53570557
520.79486084 520.79602051
520.05102539 520.05108643
519.30151367 519.30249023
518.55084229 518.55084229
517.79571533 517.79534912
517.03497314 517.03393555
516.27050781 516.26983643
515.50244141 515.50170898
514.73034668 514.72924805
513.95367432 513.95288086
513.17346191 513.17285156
512.38854980 512.38867188
511.59979248 511.60092163
510.81051636 510.81060791
510.01528931 510.01635742
509.21731567 509.21636963
508.41503906 508.41439819
507.60879517 507.60845947
506.79971313 506.79910278
505.98626709 505.98593140
505.17010498 505.17083740
504.34942627 504.34912109
503.52645874 503.52667236
502.69964600 502.69924927
501.86898804 501.86822510
501.03390503 501.03479004
500.19677734 500.19635010
499.35574341 499.35549927
498.50997925 498.51104736
497.66311646 497.66268921
496.81213379 496.81158447
495.95684814 495.95687866
495.09893799 495.09921265
494.23849487 494.23904419
493.37426758 493.37396240
492.50592041 492.50668335
491.63519287 491.63568115
490.76113892 490.76095581
489.88302612 489.88360596
489.00418091 489.00433350
488.11996460 488.12026978
487.23379517 487.23382568
486.34381104 486.34445190
485.45108032 485.45086670
484.55581665 484.55584717
483.65707397 483.65753174
482.75582886 482.75640869
481.85220337 481.85296631
480.94635010 480.94622803
480.03744507 480.03643799
479.12350464 479.12371826
478.20880127 478.20941162
477.29144287 477.29147339
476.37066650 476.36911011
475.44656372 475.44702148
474.52194214 474.52124023
473.59307861 473.59320068
472.66293335 472.66223145
471.72900391 471.72943115
470.79391479 470.79467773
469.85382080 469.85488892
468.91287231 468.91189575
467.96865845 467.96823120
467.02157593 467.02114868
466.07214355 466.07138062
465.11956787 465.11944580
464.16506958 464.16500854
463.20822144 463.20846558
462.24880981 462.24752808
461.28646851 461.28717041
460.32153320 460.32180786
459.35433960 459.35473633
458.38610840 458.38565063
457.41345215 457.41326904
456.43994141 456.43960571
455.46368408 455.46292114
454.48510742 454.48376465
453.50515747 453.50476074
452.52191162 452.52188110
451.53671265 451.53536987
450.54913330 450.54882812
449.55920410 449.55923462
448.56671143 448.56665039
447.57266235 447.57278442
446.57592773 446.57653809
445.57766724 445.57797241
444.57800293 444.57766724
443.57723999 443.57617188
442.57171631 442.57098389
441.56469727 441.56521606
440.55661011 440.55670166
439.54568481 439.54531860
438.53497314 438.53366089
437.52008057 437.51937866
436.50399780 436.50296021
435.48568726 435.48632812
434.46655273 434.46636963
433.44430542 433.44512939
432.42248535 432.42150879
431.39666748 431.39627075
430.37103271 430.37145996
429.34329224 429.34371948
428.31500244 428.31549072
427.28482056 427.28500366
426.25177002 426.25146484
425.21844482 425.21682739
424.18298340 424.18249512
423.14547729 423.14416504
422.10668945 422.10665894
421.06692505 421.06591797
420.02502441 420.02499390
418.98120117 418.98046875
417.93618774 417.93524170
416.88952637 416.89007568
415.84155273 415.84130859
414.79214478 414.79196167
413.74176025 413.74111938
412.69097900 412.69015503
411.63726807 411.63708496
410.58218384 410.58233643
409.52505493 409.52578735
408.46908569 408.46884155
407.41186523 407.41137695
406.35134888 406.35119629
405.29067993 405.29013062
404.22842407 404.22827148
403.16564941 403.16482544
402.10202026 402.10162354
401.03704834 401.03552246
399.96929932 399.97039795
398.90295410 398.90301514
397.83438110 397.83462524
396.76461792 396.76467896
395.69610596 395.69519043
394.62530518 394.62542725
393.55276489 393.55377197
392.48086548 392.48114014
391.40856934 391.40820312
390.33508301 390.33441162
389.26095581 389.26065063
388.18585205 388.18463135
387.11004639 387.10910034
386.03298950 386.03253174
384.95642090 384.95550537
383.87820435 383.87796021
382.79992676 382.80026245
381.72134399 381.72186279
380.64221191 380.64208984
379.56195068 379.56262207
378.48159790 378.48236084
377.40167236 377.39990234
376.31961060 376.31933594
375.23785400 375.23764038
374.15524292 374.15512085
373.07312012 373.07241821
371.99050903 371.98974609
370.90637207 370.90649414
369.82205200 369.82211304
368.73825073 368.73721313
367.65350342 367.65359497
366.56854248 366.56781006
365.48327637 365.48339844
364.39825439 364.39801025
363.31271362 363.31231689
362.22726440 362.22613525
361.14089966 361.14071655
360.05456543 360.05480957
358.96813965 358.96804810
357.88265991 357.88247681
356.79586792 356.79608154
355.70968628 355.70968628
354.62329102 354.62304688
353.53628540 353.53585815
352.44989014 352.44995117
351.36325073 351.36340332
350.27844238 350.27792358
349.19152832 349.19207764
348.10537720 348.10540771
347.01925659 347.01925659
345.93432617 345.93362427
344.84820557 344.84832764
343.76336670 343.76287842
342.67886353 342.67791748
341.59436035 341.59393311
340.50891113 340.50885010
339.42504883 339.42480469
338.34204102 338.34127808
337.25778198 337.25747681
336.17526245 336.17507935
335.09240723 335.09234619
334.01034546 334.00985718
332.92791748 332.92849731
331.84680176 331.84622192
330.76635742 330.76623535
329.68585205 329.68551636
328.60690308 328.60595703
327.52822876 327.52774048
326.44927979 326.44897461
325.37182617 325.37176514
324.29486084 324.29507446
323.21813965 323.21801758
322.14166260 322.14178467
321.06716919 321.06677246
319.99279785 319.99267578
318.91921997 318.91915894
317.84585571 317.84548950
316.77365112 316.77310181
315.70220947 315.70233154
314.63201904 314.63174438
313.56304932 313.56240845
312.49398804 312.49374390
311.42568970 311.42559814
310.35897827 310.35855103
309.29299927 309.29324341
308.22717285 308.22741699
307.16296387 307.16342163
306.09957886 306.09997559
305.03790283 305.03744507
303.97589111 303.97595215
302.91577148 302.91555786
301.85678101 301.85617065
300.79757690 300.79788208
299.74108887 299.74057007
298.68441772 298.68392944
297.62936401 297.62866211
296.57592773 296.57473755
295.52178955 295.52221680
294.47067261 294.47055054
293.42047119 293.42004395
292.37109375 292.37008667
291.32241821 291.32159424
290.27554321 290.27496338
289.22943115 289.22976685
288.18481445 288.18508911
287.14233398 287.14230347
286.10006714 286.09954834
285.05874634 285.05892944
284.01956177 284.01965332
282.98171997 282.98104858
281.94464111 281.94458008
280.90869141 280.90856934
279.87466431 279.87435913
278.84179688 278.84182739
277.81039429 277.81002808
276.78067017 276.78051758
275.75143433 275.75131226
274.72448730 274.72393799
273.69854736 273.69836426
272.67379761 272.67361450
271.65176392 271.65182495
270.63000488 270.62994385
269.61080933 269.61013794
268.59255981 268.59317017
267.57571411 267.57568359
266.56115723 266.56079102
265.54675293 265.54705811
264.53491211 264.53497314
263.52523804 263.52471924
262.51672363 262.51654053
261.51028442 261.50994873
260.50427246 260.50494385
259.50109863 259.50140381
258.49960327 258.50003052
257.49929810 257.49929810
256.50128174 256.50140381
255.50416565 255.50442505
254.50958252 254.50924683
253.51576233 253.51571655
252.52522278 252.52508545
251.53669739 251.53686523
250.54962158 250.54946899
249.56524658 249.56501770
248.58345032 248.58302307
247.60227966 247.60260010
246.62382507 246.62356567
245.64672852 245.64683533
244.67131042 244.67172241
243.69744873 243.69784546
242.72659302 242.72656250
241.75741577 241.75721741
240.78996277 240.78996277
239.82423401 239.82447815
238.86109924 238.86102295
237.89979553 237.89942932
236.94021606 236.93998718
235.98239136 235.98263550
235.02734375 235.02688599
234.07437134 234.07434082
233.12446594 233.12458801
232.17570496 232.17628479
231.22882080 231.22930908
230.28475952 230.28486633
229.34194946 229.34228516
228.40313721 228.40298462
227.46598816 227.46647644
226.53126526 226.53152466
225.59880066 225.59869385
224.66831970 224.66839600
223.74034119 223.73991394
222.81413269 222.81440735
221.89009094 221.88996887
220.96813965 220.96786499
220.04849243 220.04814148
219.13055420 219.13047791
218.21502686 218.21505737
217.30207825 217.30163574
216.39079285 216.39071655
215.48204041 215.48184204
214.57502747 214.57489014
213.67098999 213.67059326
212.76797485 212.76797485
211.86788940 211.86749268
210.96919250 210.96879578
210.07362366 210.07292175
209.17974854 209.17953491
208.28782654 208.28762817
207.39881897 207.39814758
206.51147461 206.51113892
205.62670898 205.62641907
204.74369812 204.74319458
203.86260986 203.86203003
202.98397827 202.98371887
202.10751343 202.10717773
201.23324585 201.23281860
200.36082458 200.36026001
199.49079895 199.48997498
198.62248230 198.62185669
197.75575256 197.75527954
196.89093018 196.89025879
196.02856445 196.02770996
195.16743469 195.16654968
194.30859375 194.30790710
193.45220947 193.45152283
192.59727478 192.59704590
191.74508667 191.74441528
190.89392090 190.89343262
190.04498291 190.04458618
189.19784546 189.19715881
188.35249329 188.35182190
187.50881958 187.50842285
186.66694641 186.66651917
185.82695007 185.82687378
184.98846436 184.98812866
184.15153503 184.15156555
183.31689453 183.31640625
182.48364258 182.48335266
181.65226746 181.65193176
180.82202148 180.82173157
179.99432373 179.99389648
179.16812134 179.16787720
178.34307861 178.34269714
177.52001953 177.51936340
176.69845581 176.69804382
175.87783813 175.87768555
175.05967712 175.05912781
174.24296570 174.24267578
173.42774963 173.42759705
172.61421204 172.61366272
171.80201721 171.80174255
170.99218750 170.99151611
170.18344116 170.18330383
169.37652588 169.37576294
168.57080078 168.57035828
167.76683044 167.76669312
166.96461487 166.96435547
166.16374207 166.16328430
165.36471558 165.36439514
164.56770325 164.56723022
163.77212524 163.77182007
162.97799683 162.97753906
162.18568420 162.18495178
161.39437866 161.39392090
160.60496521 160.60452271
159.81738281 159.81668091
159.03138733 159.03044128
158.24638367 158.24597168
157.46337891 157.46284485
156.68186951 156.68118286
155.90205383 155.90147400
155.12388611 155.12330627
154.34674072 154.34626770
153.57171631 153.57083130
152.79797363 152.79708862
152.02584839 152.02494812
151.25566101 151.25480652
150.48675537 150.48632812
149.71994019 149.71922302
148.95437622 148.95312500
148.19015503 148.18928528
147.42816162 147.42724609
146.66737366 146.66653442
145.90797424 145.90713501
145.15065002 145.14959717
144.39488220 144.39381409
143.64050293 143.63951111
142.88771057 142.88668823
142.13674927 142.13551331
141.38693237 141.38584900
140.63882446 140.63772583
139.89228821 139.89155579
139.14770508 139.14666748
138.40458679 138.40348816
137.66337585 137.66200256
136.92343140 136.92224121
136.18545532 136.18424988
135.44886780 135.44795227
134.71392822 134.71292114
133.98068237 133.97981262
133.24887085 133.24797058
132.51884460 132.51776123
131.79034424 131.78918457
131.06344604 131.06228638
130.33837891 130.33732605
129.61497498 129.61428833
128.89335632 128.89257812
128.17312622 128.17262268
127.45507050 127.45452881
126.73807526 126.73760223
126.02303314 126.02252197
125.30982208 125.30924988
124.59802246 124.59775543
123.88815308 123.88755798
123.17984009 123.17943573
122.47309875 122.47248077
121.76779938 121.76748657
121.06489563 121.06436920
120.36334991 120.36300659
119.66346741 119.66278839
118.96538544 118.96470642
118.26922607 118.26853943
117.57487488 117.57397461
116.88176727 116.88092041
116.19033051 116.18949127
115.50083160 115.49997711
114.81288147 114.81207275
114.12651062 114.12554169
113.44247437 113.44147491
112.76000977 112.75899506
112.07960510 112.07890320
111.40042877 111.39974976
110.72357178 110.72261810
110.04814911 110.04718781
109.37461853 109.37358093
108.70236206 108.70144653
108.03197479 108.03118134
107.36310577 107.36235809
106.69665527 106.69557953
106.03131104 106.03048706
105.36779785 105.36705017
104.70620728 104.70561218
