550.69464111 550.69396973
550.26574707 550.26586914
549.83282471 549.83325195
549.39086914 549.39117432
548.93701172 548.93676758
548.47003174 548.47003174
547.99121094 547.99072266
547.50195312 547.50146484
547.00128174 547.00128174
546.48956299 546.48931885
545.96826172 545.96826172
545.43572998 545.43609619
544.89312744 544.89343262
544.34222412 544.34240723
543.78259277 543.78295898
543.21313477 543.21234131
542.63586426 542.63513184
542.04968262 542.04937744
541.45550537 541.45574951
540.85357666 540.85363770
540.24426270 540.24377441
539.62896729 539.62896729
539.00561523 539.00549316
538.37628174 538.37652588
537.73974609 537.73956299
537.09613037 537.09643555
536.44647217 536.44671631
535.79028320 535.78973389
535.12695312 535.12719727
534.45928955 534.45788574
533.78442383 533.78430176
533.10461426 533.10461426
532.41931152 532.41912842
531.72918701 531.72790527
531.03283691 531.03350830
530.33251953 530.33148193
529.62677002 529.62670898
528.91760254 528.91625977
528.20123291 528.20111084
527.48181152 527.48144531
526.75781250 526.75787354
526.02874756 526.02929688
525.29650879 525.29589844
524.55767822 524.55755615
523.81634521 523.81628418
523.06860352 523.06878662
522.31848145 522.31811523
521.56359863 521.56317139
520.80407715 520.80444336
520.04107666 520.04083252
519.27392578 519.27453613
518.50262451 518.50311279
517.72821045 517.72766113
516.94891357 516.94781494
516.16571045 516.16522217
515.37866211 515.37878418
514.58825684 514.58666992
513.79339600 513.79241943
512.99591064 512.99530029
512.19329834 512.19354248
511.38757324 511.38735962
510.57870483 510.57827759
509.76513672 509.76449585
508.94891357 508.94720459
508.12704468 508.12695312
507.30352783 507.30368042
506.47647095 506.47656250
505.64401245 505.64483643
504.81100464 504.81021118
503.97079468 503.97152710
503.13003540 503.13052368
502.28524780 502.28582764
501.43740845 501.43814087
500.58627319 500.58493042
499.73162842 499.73080444
498.87292480 498.87252808
498.01016235 498.01013184
497.14572144 497.14547729
496.27792358 496.27706909
495.40661621 495.40719604
494.53320312 494.53289795
493.65686035 493.65612793
492.77658081 492.77648926
491.89422607 491.89355469
491.00799561 491.00891113
490.12002563 490.11996460
489.22799683 489.22827148
488.33322144 488.33367920
487.43579102 487.43612671
486.53475952 486.53466797
485.63107300 485.63159180
484.72509766 484.72509766
483.81552124 483.81631470
482.90295410 482.90310669
481.98889160 481.98858643
481.07116699 481.07006836
480.15081787 480.15032959
479.22683716 479.22729492
478.30126953 478.30114746
477.37225342 477.37344360
476.44152832 476.44177246
475.50781250 475.50866699
474.57095337 474.57125854
473.63211060 473.63125610
472.69076538 472.69143677
471.74581909 471.74658203
470.79925537 470.80017090
469.85021973 469.85092163
468.89837646 468.89782715
467.94311523 467.94421387
466.98712158 466.98751831
466.02688599 466.02700806
465.06613159 465.06573486
464.10092163 464.10162354
463.13381958 463.13357544
462.16580200 462.16458130
461.19467163 461.19418335
460.21963501 460.22052002
459.24545288 459.24645996
458.26669312 458.26608276
457.28637695 457.28613281
456.30471802 456.30361938
455.32055664 455.32077026
454.33471680 454.33398438
453.34640503 453.34606934
452.35537720 452.35562134
451.36309814 451.36318970
450.36834717 450.36831665
449.37265015 449.37182617
448.37191772 448.37243652
447.37106323 447.37197876
446.36779785 446.36853027
445.36331177 445.36312866
444.35668945 444.35601807
443.34664917 443.34661865
442.33673096 442.33624268
441.32308960 441.32324219
440.30938721 440.30834961
439.29324341 439.29342651
438.27471924 438.27395630
437.25558472 437.25531006
436.23260498 436.23294067
435.20922852 435.20996094
434.18386841 434.18493652
433.15737915 433.15686035
432.12841797 432.12850952
431.09899902 431.09808350
430.06692505 430.06674194
429.03283691 429.03265381
427.99716187 427.99746704
426.96035767 426.96090698
425.92211914 425.92269897
424.88223267 424.88311768
423.84100342 423.84179688
422.79852295 422.79879761
421.75616455 421.75634766
420.71105957 420.71093750
419.66641235 419.66659546
418.61904907 418.61886597
417.57092285 417.57000732
416.51940918 416.52023315
415.46920776 415.47021484
414.41708374 414.41769409
413.36346436 413.36288452
412.30828857 412.30859375
411.25180054 411.25192261
410.19540405 410.19384766
409.13555908 409.13616943
408.07666016 408.07586670
407.01550293 407.01553345
405.95367432 405.95434570
404.88925171 404.89016724
403.82626343 403.82595825
402.76071167 402.76025391
401.69433594 401.69387817
400.62643433 400.62655640
399.55880737 399.55838013
398.48880005 398.48886108
397.41897583 397.41839600
396.34936523 396.34887695
395.27694702 395.27740479
394.20486450 394.20486450
393.13189697 393.13272095
392.05838013 392.05902100
390.98394775 390.98468018
389.90991211 389.91073608
388.83459473 388.83380127
387.75894165 387.75814819
386.68182373 386.68167114
385.60470581 385.60491943
384.52612305 384.52661133
383.44778442 383.44793701
382.36904907 382.36965942
381.28900146 381.28976440
380.20898438 380.20828247
379.12789917 379.12850952
378.04769897 378.04772949
376.96566772 376.96557617
375.88369751 375.88388062
374.80102539 374.80093384
373.71865845 373.71868896
372.63674927 372.63656616
371.55340576 371.55279541
370.46981812 370.46954346
369.38659668 369.38616943
368.30227661 368.30197144
367.21841431 367.21850586
366.13375854 366.13397217
365.04940796 365.04946899
363.96502686 363.96548462
362.88046265 362.88040161
361.79586792 361.79583740
360.71136475 360.71160889
359.62756348 359.62774658
358.54348755 358.54321289
357.45874023 357.45849609
356.37417603 356.37380981
355.28952026 355.28985596
354.20471191 354.20504761
353.12094116 353.12194824
352.03723145 352.03698730
350.95269775 350.95300293
349.86877441 349.86837769
348.78515625 348.78543091
347.70172119 347.70150757
346.61737061 346.61853027
345.53524780 345.53512573
344.45242310 344.45288086
343.36947632 343.36938477
342.28759766 342.28738403
341.20578003 341.20602417
340.12408447 340.12390137
339.04226685 339.04306030
337.96139526 337.96160889
336.88070679 336.88082886
335.80145264 335.80197144
334.72146606 334.72155762
333.64221191 333.64279175
332.56402588 332.56402588
331.48526001 331.48587036
330.40823364 330.40887451
329.33139038 329.33157349
328.25482178 328.25549316
327.17962646 327.17962646
326.10385132 326.10314941
325.02947998 325.02941895
323.95535278 323.95501709
322.88235474 322.88287354
321.80996704 321.81024170
320.73815918 320.73886108
319.66687012 319.66763306
318.59710693 318.59796143
317.52813721 317.52841187
316.45874023 316.46011353
315.39212036 315.39181519
314.32528687 314.32495117
313.25961304 313.25979614
312.19509888 312.19445801
311.13076782 311.13027954
310.06704712 310.06707764
309.00503540 309.00439453
307.94375610 307.94357300
306.88388062 306.88400269
305.82556152 305.82473755
304.76715088 304.76754761
303.70996094 303.71005249
302.65420532 302.65435791
301.59918213 301.59948730
300.54510498 300.54559326
299.49270630 299.49279785
298.43994141 298.44082642
297.39013672 297.39031982
296.34072876 296.34054565
295.29226685 295.29202271
294.24514771 294.24508667
293.19934082 293.19906616
292.15457153 292.15444946
291.11105347 291.11071777
290.06805420 290.06829834
289.02716064 289.02758789
287.98645020 287.98690796
286.94888306 286.94854736
285.91085815 285.91067505
284.87463379 284.87457275
283.83911133 283.83984375
282.80609131 282.80630493
281.77365112 281.77365112
280.74285889 280.74282837
279.71264648 279.71316528
278.68478394 278.68511963
277.65802002 277.65777588
276.63259888 276.63284302
275.60839844 275.60855103
274.58618164 274.58660889
273.56607056 273.56555176
272.54602051 272.54611206
271.52777100 271.52813721
270.51153564 270.51153564
269.49652100 269.49670410
268.48251343 268.48309326
267.47125244 267.47183228
266.46090698 266.46127319
265.45288086 265.45343018
264.44607544 264.44668579
263.44100952 263.44122314
262.43774414 262.43768311
261.43566895 261.43569946
260.43505859 260.43548584
259.43667603 259.43695068
258.43957520 258.43966675
257.44424438 257.44442749
256.45132446 256.45138550
255.45944214 255.45930481
254.46939087 254.46983337
253.48130798 253.48106384
252.49508667 252.49475098
251.50985718 251.51000977
250.52737427 250.52764893
249.54740906 249.54776001
248.56884766 248.56916809
247.59266663 247.59278870
246.61837769 246.61880493
245.64566040 245.64645386
244.67575073 244.67607117
243.70758057 243.70770264
242.74111938 242.74174500
241.77722168 241.77804565
240.81527710 240.81602478
239.85604858 239.85699463
238.89877319 238.89918518
237.94389343 237.94462585
236.99205017 236.99229431
236.04217529 236.04226685
235.09396362 235.09400940
234.14945984 234.14978027
233.20765686 233.20808411
232.26814270 232.26866150
231.33068848 231.33134460
230.39584351 230.39637756
229.46351624 229.46395874
228.53338623 228.53392029
227.60565186 227.60626221
226.68112183 226.68162537
225.75933838 225.75978088
224.84054565 224.84054565
223.92424011 223.92437744
223.00874329 223.00910950
222.09750366 222.09724426
221.18736267 221.18774414
220.28060913 220.28099060
219.37553406 219.37626648
218.47290039 218.47334290
217.57278442 217.57284546
216.67546082 216.67576599
215.77969360 215.78002930
214.88621521 214.88636780
213.99584961 213.99638367
213.10665894 213.10679626
212.22003174 212.22036743
211.33474731 211.33491516
210.45306396 210.45257568
209.57261658 209.57257080
208.69464111 208.69506836
207.81893921 207.81916809
206.94503784 206.94496155
206.07359314 206.07298279
205.20370483 205.20339966
204.33665466 204.33607483
203.47032166 203.47026062
202.60633850 202.60597229
201.74462891 201.74450684
200.88471985 200.88426208
200.02621460 200.02613831
199.16984558 199.16923523
198.31535339 198.31468201
197.46215820 197.46186829
196.61059570 196.61044312
195.76065063 195.76039124
194.91183472 194.91223145
194.06562805 194.06536865
193.22155762 193.22120667
192.37860107 192.37837219
191.53706360 191.53697205
190.69744873 190.69694519
189.85885620 189.85916138
189.02255249 189.02261353
188.18734741 188.18782043
187.35426331 187.35452271
186.52304077 186.52325439
185.69323730 185.69320679
184.86465454 184.86491394
184.03784180 184.03819275
183.21257019 183.21302795
182.38905334 182.38919067
181.56625366 181.56637573
180.74591064 180.74617004
179.92654419 179.92648315
179.10845947 179.10847473
178.29167175 178.29176331
177.47673035 177.47686768
176.66326904 176.66308594
175.85110474 175.85104370
175.04063416 175.04045105
174.23161316 174.23107910
173.42324829 173.42320251
172.61683655 172.61741638
171.81227112 171.81224060
171.00875854 171.00895691
170.20664978 170.20698547
169.40611267 169.40621948
168.60713196 168.60694885
167.80902100 167.80908203
167.01286316 167.01240540
166.21763611 166.21740723
165.42401123 165.42396545
164.63238525 164.63223267
163.84184265 163.84179688
163.05294800 163.05279541
162.26539612 162.26524353
161.47909546 161.47891235
160.69488525 160.69476318
159.91137695 159.91177368
159.12989807 159.12991333
158.34957886 158.34977722
157.57124329 157.57096863
156.79463196 156.79458618
156.01908875 156.01902771
155.24507141 155.24502563
154.47270203 154.47286987
153.70190430 153.70220947
152.93270874 152.93292236
152.16490173 152.16487122
151.39851379 151.39877319
150.63407898 150.63406372
149.87094116 149.87091064
149.10934448 149.10943604
148.34904480 148.34922791
147.59034729 147.59043884
146.83337402 146.83287048
146.07742310 146.07734680
145.32324219 145.32327271
144.57073975 144.57048035
143.81898499 143.81887817
143.06945801 143.06910706
142.32130432 142.32095337
141.57437134 141.57418823
140.82940674 140.82899475
140.08598328 140.08554077
139.34361267 139.34338379
138.60299683 138.60264587
137.86401367 137.86373901
137.12673950 137.12638855
136.39103699 136.39068604
135.65686035 135.65653992
134.92420959 134.92390442
134.19306946 134.19284058
133.46340942 133.46299744
132.73561096 132.73532104
132.00924683 132.00869751
131.28475952 131.28417969
130.56155396 130.56124878
129.84004211 129.83976746
129.11985779 129.11968994
128.40155029 128.40138245
127.68453217 127.68437958
126.96910095 126.96910095
126.25560760 126.25547028
125.54386139 125.54350281
124.83341217 124.83309174
124.12468719 124.12431335
123.41727448 123.41690063
122.71176910 122.71141052
122.00772095 122.00699615
121.30562592 121.30523682
120.60506439 120.60460663
119.90639496 119.90576172
119.20928955 119.20872498
118.51396942 118.51338959
117.81971741 117.81912994
117.12795258 117.12720490
116.43722534 116.43659210
115.74880981 115.74805450
115.06163788 115.06075287
114.37629700 114.37544250
113.69229126 113.69164276
113.01043701 113.00981903
112.32979584 112.32942963
111.65120697 111.65059662
110.97454834 110.97401428
110.29930878 110.29885864
109.62618256 109.62549591
108.95429993 108.95383453
108.28419495 108.28404236
107.61569214 107.61507416
106.94907379 106.94840240
106.28408051 106.28365326
105.62099457 105.62031555
104.95959473 104.95936584
104.30011749 104.29989624
103.64236450 103.64218140
