55.22102356 17.64441299 11.23122215 8.71905518 2.44595790 2.44595790 8.71905518 11.23122311 17.64441109 55.22102356
55.04434204 17.19100380 11.09015274 8.65573502 2.46973515 2.47129178 8.73027706 11.22600174 17.32242775 55.08084869
54.86821747 16.74240112 10.94694042 8.58466721 2.47022390 2.47998977 8.73291206 11.22426891 17.04335594 54.97797012
54.69273376 16.29901695 10.80014229 8.51388359 2.50161862 2.51768446 8.73728657 11.23108768 16.78522110 54.94558334
54.51787567 15.86064434 10.65604591 8.44165325 2.53058624 2.54773140 8.74346638 11.23673058 16.52923584 54.94658661
54.34365463 15.42703247 10.52144623 8.36951733 2.53241658 2.55198050 8.74427700 11.23825550 16.28440666 54.97430038
54.17003632 14.99798775 10.39069653 8.29867649 2.53278136 2.55154371 8.74391460 11.23979568 16.05440903 54.96435547
53.99701691 14.57336903 10.26652241 8.23026752 2.52018476 2.55208802 8.74397755 11.23905659 15.82296371 54.91795349
53.82458496 14.15306187 10.14438152 8.16254520 2.51349235 2.55189157 8.74391365 11.23926067 15.60169792 54.88813019
53.65272522 13.73697567 10.02598572 8.09596157 2.50536513 2.55188823 8.74391937 11.23917484 15.38607788 54.85724258
53.48143005 13.32502651 9.91084290 8.03031445 2.49742198 2.55181289 8.74391270 11.23918533 15.17759895 54.82751846
53.31069565 12.91714287 9.79902458 7.96560240 2.48911262 2.55174327 8.74390697 11.23918247 14.97577953 54.79789352
53.14049530 12.51327133 9.69044781 7.90179062 2.48049068 2.55167484 8.74390411 11.23917389 14.78055191 54.76844788
52.97084427 12.11336327 9.58503151 7.83885479 2.47162771 2.55159998 8.74389935 11.23916721 14.59186459 54.73932266
52.80170822 11.71737862 9.48271465 7.77678347 2.46252346 2.55152297 8.74389458 11.23916149 14.40961170 54.71048737
52.63309097 11.32529068 9.38343811 7.71556616 2.45320272 2.55144334 8.74389076 11.23915386 14.23371601 54.68197632
52.46498489 10.93706989 9.28714371 7.65519762 2.44368649 2.55136037 8.74388599 11.23914623 14.06409073 54.65380096
52.29738617 10.55270100 9.19377613 7.59567404 2.43399239 2.55127501 8.74388027 11.23913956 13.90064812 54.62596130
52.13027954 10.17216778 9.10328388 7.53699255 2.42413783 2.55118656 8.74387550 11.23913193 13.74328995 54.59847260
51.96365738 9.79546165 9.01561737 7.47915077 2.41413856 2.55109572 8.74387169 11.23912334 13.59191895 54.57133102
51.79752731 9.42257786 8.93072510 7.42214632 2.40400934 2.55100203 8.74386597 11.23911476 13.44642544 54.54454422
51.63185883 9.05351925 8.84855938 7.36597824 2.39376426 2.55090547 8.74386120 11.23910713 13.30670166 54.51811218
51.46666336 8.68828964 8.76906967 7.31064510 2.38341713 2.55080652 8.74385643 11.23909950 13.17263222 54.49201965
51.30192947 8.32689571 8.69220638 7.25614405 2.37297988 2.55070496 8.74385071 11.23908997 13.04409885 54.46628571
51.13764954 7.96934986 8.61792088 7.20247412 2.36246490 2.55060077 8.74384594 11.23908138 12.92098045 54.44089890
50.97373581 7.61888313 8.54635715 7.14962006 2.35191250 2.55049419 8.74384117 11.23906994 12.80314255 54.41584778
50.81107712 7.29122925 8.48503685 7.09757042 2.34170127 2.55038476 8.74383545 11.23905849 12.69044399 54.39111328
50.65268326 6.97540808 8.44097900 7.04643440 2.33223581 2.55027843 8.74383450 11.23902988 12.58268261 54.36658859
50.53005600 6.66976833 8.42214680 6.99720383 2.32593417 2.55017138 8.74383640 11.23898411 12.47968769 54.34223557
50.44085693 6.37810230 8.39361191 6.94884920 2.31889129 2.55005574 8.74383736 11.23894501 12.38148117 54.31828308
50.36432266 6.11816359 8.34819031 6.90041113 2.30899000 2.54996109 8.74383736 11.23890591 12.28792572 54.29468155
50.30429459 5.88109732 8.30567837 6.85284996 2.29920769 2.54983425 8.74383259 11.23889065 12.19889927 54.27154541
50.25209045 5.65486002 8.26682663 6.80601215 2.28857088 2.54968357 8.74382973 11.23887444 12.11341667 54.24868774
50.20204926 5.43700171 8.22758865 6.75964022 2.27716351 2.54954481 8.74382877 11.23884583 12.03474045 54.22592926
50.15256882 5.22853184 8.18916416 6.71402550 2.26598525 2.54941916 8.74382687 11.23881054 11.96269417 54.20307159
50.10374069 5.03739595 8.15444756 6.66957951 2.25534534 2.54925704 8.74382210 11.23879814 11.89430618 54.18061447
50.05504990 4.85638094 8.11801720 6.62577438 2.24474239 2.54910183 8.74381638 11.23878670 11.82947254 54.15852737
50.00612259 4.68214941 8.08286285 6.58276749 2.23436189 2.54894733 8.74381065 11.23877525 11.76805019 54.13677216
49.95705795 4.51978350 8.04880047 6.54048967 2.22414327 2.54879832 8.74380493 11.23876190 11.70993233 54.11531830
49.90768814 4.36727810 8.01575756 6.49897718 2.21403098 2.54864693 8.74379826 11.23874950 11.65493679 54.09417343
49.85829163 4.22387743 7.98398399 6.45824003 2.20401478 2.54849124 8.74379158 11.23873615 11.60291100 54.07332230
49.80884933 4.08907509 7.95355082 6.41826963 2.19411087 2.54833269 8.74378490 11.23872471 11.55370808 54.05275345
49.75955200 3.96364689 7.92433834 6.37905836 2.18430924 2.54817128 8.74377823 11.23871231 11.50718498 54.03245926
49.71053314 3.84697366 7.89635134 6.34059620 2.17460799 2.54800749 8.74377060 11.23869896 11.46320534 54.01242447
49.66181946 3.74129701 7.86948681 6.30286169 2.16502023 2.54784250 8.74376392 11.23868656 11.42164612 53.99263000
49.61375046 3.64480615 7.84371567 6.26587725 2.15553689 2.54767537 8.74375629 11.23867321 11.38235664 53.97307968
49.56573486 3.55490255 7.81859112 6.22950745 2.14609766 2.54750800 8.74374866 11.23865795 11.34522820 53.95376205
49.51778793 3.47352481 7.79451942 6.19393349 2.13679099 2.54733682 8.74374199 11.23864555 11.31016064 53.93467331
49.47032547 3.40011263 7.77151346 6.15918350 2.12761426 2.54716158 8.74373341 11.23863125 11.27703285 53.91580200
49.42331696 3.33312201 7.74936533 6.12517309 2.11854458 2.54698420 8.74372578 11.23861694 11.24574089 53.89714432
49.37659454 3.27250075 7.72799587 6.09189606 2.10958195 2.54680443 8.74371815 11.23860264 11.21617985 53.87869263
49.33023834 3.21854138 7.70723295 6.05935287 2.10073781 2.54662275 8.74370956 11.23858833 11.18824959 53.86043930
49.28445053 3.17503142 7.68729305 6.02762651 2.09204745 2.54643989 8.74370193 11.23857307 11.16185284 53.84238052
49.23906708 3.13233113 7.66786957 5.99668121 2.08344793 2.54625440 8.74369335 11.23855877 11.13688850 53.82451248
49.19379425 3.09200549 7.64892864 5.96631193 2.07493758 2.54606652 8.74368477 11.23854256 11.11328697 53.80682755
49.14871979 3.05653048 7.63059044 5.93668318 2.06656218 2.54587698 8.74367619 11.23852634 11.09096527 53.78932571
49.10405350 3.02468848 7.61294556 5.90807629 2.05833936 2.54568362 8.74366760 11.23851013 11.06984329 53.77201080
49.05989838 2.99495792 7.59586239 5.88023996 2.05023122 2.54548740 8.74365902 11.23849487 11.04983997 53.75486755
49.01606369 2.96739316 7.57930040 5.85308647 2.04224730 2.54528904 8.74365044 11.23847866 11.03088665 53.73789597
48.97250748 2.94175839 7.56327486 5.82669592 2.03439832 2.54508758 8.74364090 11.23846245 11.01291752 53.72109222
48.92927170 2.91782331 7.54776287 5.80105734 2.02668977 2.54488301 8.74363136 11.23844624 10.99586773 53.70446014
48.88635254 2.89533734 7.53271532 5.77610683 2.01911807 2.54467535 8.74362278 11.23842907 10.97967625 53.68799973
48.84373856 2.87412882 7.51810455 5.75179100 2.01168299 2.54446530 8.74361324 11.23841286 10.96428776 53.67169571
48.80139160 2.85404944 7.50390625 5.72807598 2.00438619 2.54425240 8.74360371 11.23839569 10.94964790 53.65555573
48.75929642 2.83497739 7.49009752 5.70492792 1.99722826 2.54403687 8.74359322 11.23837852 10.93570423 53.63956833
48.71743011 2.81680274 7.47665358 5.68231106 1.99021041 2.54381824 8.74358368 11.23836136 10.92241192 53.62373734
48.67578125 2.79943466 7.46355104 5.66019011 1.98333263 2.54359674 8.74357319 11.23834324 10.90972424 53.60806656
48.63431168 2.78279519 7.45076942 5.63853407 1.97659528 2.54337263 8.74356270 11.23832607 10.89760208 53.59254456
48.59301758 2.76681447 7.43828487 5.61731052 1.96999764 2.54314566 8.74355221 11.23830891 10.88600349 53.57717514
48.55187225 2.75143003 7.42607450 5.59648609 1.96353865 2.54291558 8.74354172 11.23828983 10.87489510 53.56195831
48.51083374 2.73658562 7.41411543 5.57602692 1.95721710 2.54268265 8.74353027 11.23827171 10.86424160 53.54688263
48.46987534 2.72222948 7.40238094 5.55589724 1.95102906 2.54244685 8.74351978 11.23825264 10.85401154 53.53195572
48.42893600 2.70831037 7.39084196 5.53605509 1.94497001 2.54220819 8.74350834 11.23823261 10.84417534 53.51717377
48.38794708 2.69477463 7.37946606 5.51645327 1.93903446 2.54196668 8.74349689 11.23821354 10.83470631 53.50253677
48.34681702 2.68156481 7.36823034 5.49705410 1.93322015 2.54172182 8.74348545 11.23819351 10.82558155 53.48803711
48.30547714 2.66863704 7.35714769 5.47786427 1.92753530 2.54147363 8.74347305 11.23817348 10.81677532 53.47368622
48.26397705 2.65602207 7.34628773 5.45896912 1.92200446 2.54122186 8.74346161 11.23815346 10.80827045 53.45947647
48.22245407 2.64385200 7.33569908 5.44045734 1.91664636 2.54096675 8.74344921 11.23813343 10.80004692 53.44540405
48.18098831 2.63216376 7.32527828 5.42225313 1.91143370 2.54070854 8.74343681 11.23811436 10.79208946 53.43147659
48.13949585 2.62070632 7.31490755 5.40418816 1.90632808 2.54044747 8.74342442 11.23809433 10.78437710 53.41767883
48.09790802 2.60936022 7.30460930 5.38625669 1.90133524 2.54018378 8.74341106 11.23807240 10.77689457 53.40400696
48.05630493 2.59829569 7.29448605 5.36858797 1.89649212 2.53991675 8.74339867 11.23805237 10.76963425 53.39047241
48.01485062 2.58772182 7.28458166 5.35125589 1.89181447 2.53964639 8.74338531 11.23803043 10.76258945 53.37707138
47.97350311 2.57738924 7.27477694 5.33411360 1.88726401 2.53937292 8.74337292 11.23800945 10.75574970 53.36378860
47.93220901 2.56733584 7.26506472 5.31712866 1.88283634 2.53909659 8.74335957 11.23798752 10.74911690 53.35063934
47.89107132 2.55768728 7.25549078 5.30035400 1.87854528 2.53881717 8.74334526 11.23796558 10.74267673 53.33760834
47.84999466 2.54818749 7.24598217 5.28370380 1.87437916 2.53853464 8.74333191 11.23794270 10.73641014 53.32469940
47.80891418 2.53900552 7.23652506 5.26718760 1.87034070 2.53824902 8.74331856 11.23791981 10.73030853 53.31191254
47.76786041 2.52998400 7.22712326 5.25081015 1.86642802 2.53796005 8.74330425 11.23789692 10.72434807 53.29925156
47.72680664 2.52120256 7.21777725 5.23456955 1.86264741 2.53766823 8.74329090 11.23787403 10.71852875 53.28670120
47.68576813 2.51262021 7.20847416 5.21845865 1.85899305 2.53737307 8.74327564 11.23785019 10.71283817 53.27427673
47.64471817 2.50422430 7.19920254 5.20246029 1.85546160 2.53707433 8.74326134 11.23782635 10.70726871 53.26197052
47.60365295 2.49602389 7.18995571 5.18656921 1.85205066 2.53677225 8.74324703 11.23780251 10.70181561 53.24977875
47.56257629 2.48800707 7.18073177 5.17078209 1.84875870 2.53646708 8.74323177 11.23777676 10.69647121 53.23770523
47.52147293 2.48017836 7.17152452 5.15509224 1.84558392 2.53615785 8.74321651 11.23775196 10.69123173 53.22574997
47.48034668 2.47252774 7.16232824 5.13949108 1.84252346 2.53584599 8.74320030 11.23772717 10.68609428 53.21390915
47.43918610 2.46506333 7.15313530 5.12397385 1.83957565 2.53553033 8.74318504 11.23770237 10.68105698 53.20218277
47.39798737 2.45778346 7.14394474 5.10853624 1.83673871 2.53521156 8.74316883 11.23767757 10.67611694 53.19056702
47.35675430 2.45069647 7.13475323 5.09317446 1.83401167 2.53488851 8.74315357 11.23765182 10.67127419 53.17906570
47.31547546 2.44380569 7.12555981 5.07788515 1.83139300 2.53456259 8.74313736 11.23762608 10.66652679 53.16767883
47.27415848 2.43711638 7.11636734 5.06266689 1.82888007 2.53423309 8.74312115 11.23759937 10.66187668 53.15640259
47.23279953 2.43062639 7.10717583 5.04751348 1.82646596 2.53389978 8.74310589 11.23757362 10.65731525 53.14523697
47.19141006 2.42432213 7.09798145 5.03241730 1.82414401 2.53356290 8.74308968 11.23754692 10.65283871 53.13417816
47.14999390 2.41819572 7.08877945 5.01737642 1.82191241 2.53322291 8.74307346 11.23752022 10.64844704 53.12322998
47.10855103 2.41225147 7.07957125 5.00238991 1.81977022 2.53287935 8.74305630 11.23749352 10.64413357 53.11238861
47.06709290 2.40649533 7.07035208 4.98745489 1.81771219 2.53253222 8.74303913 11.23746586 10.63990021 53.10165787
47.02563477 2.40089273 7.06114292 4.97258282 1.81575441 2.53218126 8.74302197 11.23743820 10.63575363 53.09103394
46.98422241 2.39558792 7.05189371 4.95774698 1.81384969 2.53182721 8.74300480 11.23741055 10.63167667 53.08050919
46.94281387 2.39019680 7.04272699 4.94300365 1.81211305 2.53146815 8.74298668 11.23738194 10.62771797 53.07009506
46.90151978 2.38546276 7.03360605 4.92840147 1.81043386 2.53110623 8.74296856 11.23735523 10.62386322 53.05978394
46.86058044 2.38107848 7.02429104 4.91373158 1.80869114 2.53074455 8.74295139 11.23732567 10.61999989 53.04956818
46.81963730 2.37605882 7.01513815 4.89918995 1.80730593 2.53037333 8.74293327 11.23729801 10.61644650 53.03946304
46.77877426 2.37333083 7.00563526 4.88462400 1.80574739 2.53000569 8.74291515 11.23726940 10.61301422 53.02944946
46.73798370 2.36881185 6.99654675 4.87015295 1.80454624 2.52962804 8.74289608 11.23724174 10.60975647 53.01954269
46.69761658 2.36681747 6.98695898 4.85565233 1.80311406 2.52925706 8.74287701 11.23721027 10.60662937 53.00972748
46.65744781 2.36289716 6.97793484 4.84129524 1.80209696 2.52887344 8.74285793 11.23718166 10.60365391 53.00000763
46.61729813 2.36095047 6.96830177 4.82671118 1.80087829 2.52849436 8.74283886 11.23715019 10.60078335 52.99037552
46.57708359 2.35751414 6.95923328 4.81236172 1.80003059 2.52810240 8.74281979 11.23712158 10.59800720 52.98085785
46.53701401 2.35623026 6.94959593 4.79793882 1.79900873 2.52771568 8.74279881 11.23709106 10.59528065 52.97142410
46.49692154 2.35333633 6.94051600 4.78365088 1.79832184 2.52731776 8.74277878 11.23706245 10.59260273 52.96209335
46.45690918 2.35262561 6.93089437 4.76929569 1.79751885 2.52692413 8.74275970 11.23703194 10.58984089 52.95285034
46.41689301 2.35030484 6.92187214 4.75509834 1.79701638 2.52651954 8.74273968 11.23700428 10.58660030 52.94371796
46.37695694 2.35048699 6.91229820 4.74090815 1.79647017 2.52612019 8.74271870 11.23697472 10.58134937 52.93469238
46.33705902 2.34988666 6.90366745 4.72711802 1.79650772 2.52571177 8.74269772 11.23695087 10.57866764 52.92605591
46.29766464 2.35429621 6.89444733 4.71348286 1.79653144 2.52531123 8.74267578 11.23692608 10.57948780 52.91749191
46.25875473 2.35761738 6.88627481 4.70021534 1.79702055 2.52489877 8.74265480 11.23690510 10.58134174 52.90910339
46.22010422 2.36621475 6.87708950 4.68669271 1.79752398 2.52450967 8.74263382 11.23688221 10.58435535 52.90077209
46.18164825 2.37393355 6.86852455 4.67326307 1.79848158 2.52411032 8.74261284 11.23686123 10.58801365 52.89254379
46.14337540 2.38661408 6.85968399 4.65994883 1.79955029 2.52372050 8.74258995 11.23684120 10.59257984 52.88439941
46.10548401 2.40047860 6.85096931 4.64672327 1.80067253 2.52332568 8.74256802 11.23682404 10.59733772 52.87633514
46.06782150 2.41615438 6.84231424 4.63356161 1.80193198 2.52293444 8.74254513 11.23680782 10.60276318 52.86843491
46.03079605 2.43272901 6.83386517 4.62063932 1.80345833 2.52254367 8.74252224 11.23679543 10.60915947 52.86067963
45.99415588 2.45068765 6.82578707 4.60798025 1.80536342 2.52215767 8.74250126 11.23678684 10.61709976 52.85312271
45.95822144 2.46995640 6.81797600 4.59567928 1.80761921 2.52177238 8.74247837 11.23678780 10.62737465 52.84573364
45.92317200 2.49274540 6.81031942 4.58357477 1.81009984 2.52140999 8.74245644 11.23678875 10.64110756 52.83850479
45.89018250 2.52404833 6.80272579 4.57167864 1.81263769 2.52112341 8.74243641 11.23677635 10.65772724 52.83129120
45.85855484 2.56052232 6.79642296 4.56085491 1.81541777 2.52081466 8.74241638 11.23678875 10.67666245 52.82398605
45.82803345 2.59263062 6.79098034 4.55059433 1.81823301 2.52048755 8.74239540 11.23682117 10.69705105 52.81661987
45.79815674 2.62156153 6.78557873 4.54015398 1.82063651 2.52013326 8.74237442 11.23686409 10.71691132 52.80927277
45.76964188 2.64334512 6.78081989 4.52980042 1.82224905 2.51977038 8.74234962 11.23690510 10.73369122 52.80199051
45.74204636 2.65788555 6.77599812 4.51906490 1.82339013 2.51939583 8.74232674 11.23692894 10.74710083 52.79471588
45.71453857 2.66567850 6.77062511 4.50771332 1.82416439 2.51901007 8.74230385 11.23693657 10.75746918 52.78749466
45.68673706 2.66775012 6.76460934 4.49589014 1.82453573 2.51858926 8.74228001 11.23693466 10.76473331 52.78032303
45.65875626 2.66639853 6.75820303 4.48372030 1.82456815 2.51815343 8.74225521 11.23692417 10.76966763 52.77323914
45.63055038 2.66276908 6.75133514 4.47124720 1.82430792 2.51769137 8.74223137 11.23690701 10.77249432 52.76619720
45.60218430 2.65846586 6.74424744 4.45865011 1.82394135 2.51721096 8.74220562 11.23688889 10.77440262 52.75922012
45.57362366 2.65280867 6.73716879 4.44594622 1.82345760 2.51672459 8.74218082 11.23686504 10.77497578 52.75231171
45.54486847 2.64680147 6.72995424 4.43311214 1.82291114 2.51622915 8.74215508 11.23683739 10.77490234 52.74547195
45.51591873 2.64066219 6.72265720 4.42020559 1.82231438 2.51572299 8.74213028 11.23680878 10.77433109 52.73868942
45.48678589 2.63442421 6.71529675 4.40722895 1.82168019 2.51520896 8.74210358 11.23677826 10.77335262 52.73197174
45.45747375 2.62815952 6.70787811 4.39418745 1.82101929 2.51468754 8.74207783 11.23674583 10.77205658 52.72531509
45.42799759 2.62190819 6.70040798 4.38108730 1.82033610 2.51416016 8.74205017 11.23671246 10.77050209 52.71872330
45.39837646 2.61571527 6.69289160 4.36793137 1.81963384 2.51362634 8.74202347 11.23667622 10.76873684 52.71220016
45.36862183 2.60961771 6.68533182 4.35472488 1.81891537 2.51308680 8.74199677 11.23664093 10.76679611 52.70573425
45.33877182 2.60364008 6.67773724 4.34147024 1.81818211 2.51254153 8.74196815 11.23660374 10.76470661 52.69933701
45.30884552 2.59780502 6.67011166 4.32817554 1.81743503 2.51199150 8.74194050 11.23656559 10.76248932 52.69299316
45.27891159 2.59215760 6.66247177 4.31485605 1.81668019 2.51143575 8.74191189 11.23652554 10.76018906 52.68671799
45.24905014 2.58675194 6.65485334 4.30155277 1.81593931 2.51087236 8.74188328 11.23648643 10.75790215 52.68050385
45.21930695 2.58151269 6.64731216 4.28829956 1.81523073 2.51030159 8.74185371 11.23644733 10.75563049 52.67434311
45.18959808 2.57621884 6.63979626 4.27502012 1.81451046 2.50972795 8.74182415 11.23640728 10.75311852 52.66825104
45.15987396 2.57094836 6.63223124 4.26166582 1.81376421 2.50915194 8.74179554 11.23636341 10.75040436 52.66222000
45.13013458 2.56592607 6.62463474 4.24826241 1.81301069 2.50857186 8.74176502 11.23631763 10.74761868 52.65624619
45.10041428 2.56095552 6.61702490 4.23483086 1.81224942 2.50798750 8.74173450 11.23627090 10.74475288 52.65033722
45.07082367 2.55630732 6.60945225 4.22143173 1.81150925 2.50739598 8.74170399 11.23622513 10.74199009 52.64448547
45.04146194 2.55171490 6.60194063 4.20809221 1.81079602 2.50679684 8.74167156 11.23618031 10.73928070 52.63868332
45.01230621 2.54732418 6.59455490 4.19484949 1.81014132 2.50618720 8.74164009 11.23613739 10.73671150 52.63294220
44.98320770 2.54286933 6.58714867 4.18152285 1.80946624 2.50558019 8.74160862 11.23608971 10.73388004 52.62726593
44.95418167 2.53853512 6.57970047 4.16816473 1.80877960 2.50496602 8.74157619 11.23604107 10.73098946 52.62164688
44.92527008 2.53444290 6.57223082 4.15479136 1.80809700 2.50434613 8.74154472 11.23599148 10.72814655 52.61607742
44.89642715 2.53053522 6.56475258 4.14139986 1.80742145 2.50372076 8.74151039 11.23594093 10.72530460 52.61056519
44.86756897 2.52672267 6.55727911 4.12799263 1.80677056 2.50309062 8.74147797 11.23588943 10.72251320 52.60511017
44.83866882 2.52299356 6.54978561 4.11457539 1.80612731 2.50245166 8.74144459 11.23583794 10.71976852 52.59971619
44.80977631 2.51947188 6.54228544 4.10114336 1.80549228 2.50180721 8.74141026 11.23578644 10.71708393 52.59436798
44.78089142 2.51610684 6.53478193 4.08769989 1.80486250 2.50115657 8.74137592 11.23573494 10.71442032 52.58907700
44.75201035 2.51287889 6.52726555 4.07423830 1.80424011 2.50050020 8.74134159 11.23568153 10.71179295 52.58384323
44.72310257 2.50976086 6.51973820 4.06076002 1.80362666 2.49983764 8.74130630 11.23562717 10.70919895 52.57866287
44.69416046 2.50676441 6.51219988 4.04726458 1.80302095 2.49916887 8.74127102 11.23557281 10.70664501 52.57353592
44.66519165 2.50386119 6.50465012 4.03375340 1.80242312 2.49849367 8.74123573 11.23551846 10.70413685 52.56846237
44.63617706 2.50109863 6.49708891 4.02022696 1.80183089 2.49781227 8.74119949 11.23546314 10.70167065 52.56343460
44.60713959 2.49845338 6.48951769 4.00668430 1.80124485 2.49712443 8.74116325 11.23540688 10.69924831 52.55846405
44.57806015 2.49592113 6.48193455 3.99312568 1.80066466 2.49643016 8.74112606 11.23534966 10.69686890 52.55354691
44.54894638 2.49350238 6.47433996 3.97955155 1.80008996 2.49572945 8.74108982 11.23529053 10.69453526 52.54867935
44.51979065 2.49119496 6.46673441 3.96596241 1.79952097 2.49502230 8.74105167 11.23523140 10.69225121 52.54386902
44.49059296 2.48900199 6.45911837 3.95235848 1.79895699 2.49430847 8.74101353 11.23517227 10.69001770 52.53910446
44.46134567 2.48692632 6.45148993 3.93874002 1.79839790 2.49358845 8.74097538 11.23511219 10.68783951 52.53438950
44.43206024 2.48497128 6.44385147 3.92510819 1.79784310 2.49286151 8.74093533 11.23505020 10.68572044 52.52972794
44.40272522 2.48314118 6.43620300 3.91146302 1.79729259 2.49212837 8.74089622 11.23498821 10.68366528 52.52511597
44.37334824 2.48144317 6.42854452 3.89780521 1.79674554 2.49138856 8.74085617 11.23492527 10.68167973 52.52055359
44.34393692 2.47988677 6.42087698 3.88413596 1.79620111 2.49064207 8.74081612 11.23486042 10.67977333 52.51604080
44.31447983 2.47848392 6.41320181 3.87045598 1.79565799 2.48988914 8.74077511 11.23479462 10.67795467 52.51157761
44.28499222 2.47725415 6.40552139 3.85676694 1.79511428 2.48912978 8.74073410 11.23472881 10.67623806 52.50716400
44.25547791 2.47622371 6.39783907 3.84307146 1.79456687 2.48836422 8.74069214 11.23465919 10.67462921 52.50280762
44.22595596 2.47543097 6.39016008 3.82937288 1.79401147 2.48759270 8.74064922 11.23458862 10.67310810 52.49850845
44.19644547 2.47492433 6.38249111 3.81567717 1.79344285 2.48681569 8.74060726 11.23451519 10.67161751 52.49429321
44.16699219 2.47475219 6.37483883 3.80199003 1.79285669 2.48603392 8.74056339 11.23443890 10.67006111 52.49020004
44.13760757 2.47493935 6.36720991 3.78831697 1.79224956 2.48524785 8.74051857 11.23435974 10.66832829 52.48628235
44.10832977 2.47546506 6.35960531 3.77466178 1.79162216 2.48445702 8.74047470 11.23427486 10.66633415 52.48262024
44.07917023 2.47629476 6.35202122 3.76103139 1.79098034 2.48366094 8.74042892 11.23418713 10.66405869 52.47927856
44.05018616 2.47742629 6.34446239 3.74743867 1.79033148 2.48285961 8.74038315 11.23409653 10.66152000 52.47627258
44.02136993 2.47874618 6.33693504 3.73388910 1.78968060 2.48205256 8.74033737 11.23400307 10.65871525 52.47357178
