49.61490631 18.03639984 10.70301533 8.68171024 2.72450733 2.72450709 8.68171024 10.70301533 18.03639793 49.61491013
49.42100906 17.58332634 10.49317169 8.55437946 2.70318389 2.70881701 8.65464115 10.70475197 17.61138153 49.42100906
49.22757721 17.13489914 10.38157272 8.49693871 2.68445039 2.72232318 8.64591503 10.73269463 17.22055244 49.23058701
49.03467941 16.69107628 10.26117516 8.42449665 2.66470885 2.72728419 8.64378834 10.74691391 16.87285423 49.05154037
48.84232330 16.25188828 10.13671589 8.34417725 2.63932300 2.73148227 8.63355350 10.75510788 16.54832458 48.91845322
48.65051270 15.81713963 10.03006363 8.27692413 2.62561321 2.74794149 8.61196518 10.77774525 16.25741577 48.81897354
48.45925522 15.38666058 9.92183399 8.21055031 2.60845757 2.76127100 8.61024761 10.79621983 15.97158146 48.74254227
48.26854324 14.96029091 9.80464840 8.13510036 2.59193540 2.76387477 8.61015034 10.80299854 15.70577431 48.66967392
48.07836914 14.53794098 9.68937969 8.05868912 2.57454681 2.76470494 8.60863781 10.80551338 15.47162151 48.62020111
47.88873291 14.11955357 9.58249283 7.98882866 2.55207014 2.76914811 8.60390854 10.82171249 15.27258587 48.57334137
47.69961548 13.70505047 9.47093582 7.91223621 2.53598237 2.77070546 8.60376167 10.82429695 15.08126545 48.51566696
47.51102829 13.29440880 9.35987759 7.83355188 2.52154398 2.77086592 8.60373497 10.82450104 14.88343239 48.44094086
47.32296753 12.88759708 9.25035477 7.75386524 2.50783753 2.77079058 8.60369205 10.82452965 14.68882561 48.36551285
47.13541794 12.48458862 9.14249706 7.67340660 2.49477887 2.77078748 8.60369682 10.82451439 14.49655724 48.29067612
46.94838715 12.08535576 9.03623772 7.59222889 2.48231816 2.77069044 8.60365963 10.82452393 14.31019306 48.21856689
46.76185989 11.68988132 8.93148708 7.51035595 2.47041488 2.77033877 8.60350418 10.82463551 14.14032841 48.14620209
46.57584381 11.29814816 8.82830143 7.42791128 2.45910668 2.77012300 8.60340786 10.82471848 13.98050594 48.07471085
46.39033127 10.91013813 8.72663021 7.34493446 2.44836903 2.77000856 8.60335922 10.82476044 13.82762337 48.00431442
46.20531464 10.52583694 8.62641144 7.26145506 2.43817186 2.76993299 8.60332775 10.82478428 13.68113327 47.93464661
46.02079391 10.14523125 8.52759552 7.17750454 2.42849040 2.76987505 8.60330486 10.82479572 13.54061794 47.86555099
45.83676147 9.76830959 8.43013668 7.09311581 2.41930103 2.76982665 8.60328674 10.82480049 13.40591908 47.79690552
45.65322495 9.39506149 8.33398819 7.00831842 2.41058183 2.76978374 8.60327148 10.82480145 13.27691555 47.72862625
45.47016907 9.02547646 8.23910522 6.92314291 2.40231085 2.76974416 8.60325718 10.82480049 13.15350246 47.66067123
45.28758621 8.65954399 8.14544392 6.83761454 2.39446712 2.76970649 8.60324383 10.82479572 13.03554630 47.59300995
45.10551834 8.29777813 8.05296421 6.75163603 2.38704348 2.76967025 8.60323143 10.82479286 12.92291355 47.52563477
44.92390442 7.93952274 7.96159554 6.66536283 2.38000631 2.76963544 8.60321903 10.82478428 12.81544685 47.45854950
44.74277496 7.58555126 7.87130547 6.57881021 2.37333870 2.76960087 8.60320854 10.82477760 12.71299934 47.39174652
44.56211472 7.23559523 7.78205299 6.49196529 2.36702609 2.76956677 8.60319710 10.82476807 12.61543179 47.32522202
44.38191605 6.88960028 7.69379139 6.40486336 2.36105132 2.76953292 8.60318565 10.82475948 12.52260017 47.25896072
44.20217896 6.54766893 7.60647726 6.31752253 2.35539770 2.76949883 8.60317516 10.82474899 12.43436909 47.19295120
44.02290344 6.20982933 7.52006531 6.22996187 2.35005116 2.76946402 8.60316372 10.82473850 12.35059357 47.12720871
43.84414291 5.87784958 7.43476200 6.14206362 2.34501886 2.76942849 8.60315228 10.82472801 12.27114010 47.06171036
43.66578674 5.55011511 7.35057116 6.05394125 2.34027648 2.76939321 8.60313988 10.82471752 12.19584846 46.99647141
43.48793411 5.22915220 7.26760530 5.96551275 2.33582711 2.76935720 8.60312843 10.82470512 12.12458324 46.93149185
43.31117249 4.92478514 7.19055414 5.87558365 2.33214188 2.76931953 8.60311508 10.82469559 12.05752754 46.86669159
43.14495850 4.65606594 7.14224482 5.79210234 2.33380485 2.76928186 8.60309315 10.82469940 11.99680424 46.80255127
43.00592041 4.39210415 7.09837627 5.72153711 2.33151937 2.76924825 8.60308456 10.82468033 11.93676853 46.74111557
42.88069534 4.16416454 7.06230354 5.65502548 2.33130455 2.76922178 8.60307121 10.82467842 11.88267612 46.68130112
42.75824738 3.93443346 7.02353287 5.58734941 2.32970715 2.76919341 8.60306454 10.82466030 11.83014202 46.62270355
42.63992310 3.71479797 6.98865366 5.52131653 2.32915688 2.76916647 8.60305691 10.82464790 11.78155613 46.56433105
42.52636337 3.52159548 6.95473433 5.45582056 2.32834768 2.76913548 8.60304737 10.82463646 11.73571110 46.50572205
42.41544342 3.34507394 6.92134762 5.39034796 2.32731485 2.76910090 8.60303783 10.82462025 11.69218922 46.44682693
42.31034088 3.19596481 6.89150763 5.32616949 2.32702303 2.76906753 8.60302639 10.82460880 11.65197849 46.38787079
42.20812607 3.05467200 6.86136961 5.26223087 2.32632017 2.76902986 8.60301304 10.82459545 11.61392879 46.32861710
42.10808563 2.92783999 6.83218765 5.19874382 2.32601619 2.76899171 8.60300255 10.82458115 11.57903194 46.26926422
42.00918198 2.81355143 6.80324507 5.13581324 2.32561040 2.76895046 8.60298824 10.82456684 11.54751301 46.20969009
41.91065598 2.71179867 6.77443504 5.07328939 2.32524228 2.76890659 8.60297394 10.82455349 11.51934814 46.15002823
41.81226349 2.62186956 6.74600649 5.01120090 2.32505298 2.76886225 8.60295963 10.82453918 11.49357796 46.09048080
41.71403885 2.54228902 6.71789455 4.94970369 2.32485294 2.76881647 8.60294342 10.82452488 11.46980572 46.03103638
41.61572266 2.47200751 6.68989086 4.88879299 2.32455087 2.76876903 8.60292816 10.82451057 11.44792080 45.97167206
41.51722717 2.41532946 6.66215420 4.82850409 2.32418990 2.76872015 8.60291100 10.82449532 11.42781925 45.91241455
41.41879272 2.37013459 6.63477230 4.76883841 2.32380104 2.76867008 8.60289383 10.82447910 11.40922451 45.85328293
41.32102585 2.33156371 6.60812235 4.70995855 2.32349300 2.76861930 8.60287762 10.82446289 11.39216232 45.79438400
41.22359467 2.29806805 6.58205843 4.65184259 2.32325768 2.76856756 8.60286045 10.82444668 11.37651634 45.73574448
41.12650681 2.26963711 6.55649805 4.59447145 2.32309079 2.76851511 8.60284233 10.82443047 11.36201668 45.67739105
41.02987671 2.24635792 6.53172636 4.53790379 2.32310534 2.76846313 8.60282612 10.82441330 11.34854412 45.61938477
40.93378067 2.22515082 6.50731850 4.48212624 2.32304668 2.76840949 8.60280800 10.82439613 11.33599186 45.56161499
40.83845520 2.20882773 6.48374748 4.42721367 2.32319450 2.76835680 8.60279083 10.82437992 11.32428932 45.50420761
40.74377441 2.19279385 6.46035147 4.37313795 2.32319117 2.76830125 8.60277271 10.82436275 11.31338215 45.44695282
40.64930725 2.17844510 6.43743944 4.31984186 2.32332158 2.76824641 8.60275555 10.82434559 11.30324554 45.39003372
40.55509186 2.16626644 6.41493177 4.26732731 2.32352996 2.76819086 8.60273743 10.82432842 11.29385662 45.33337021
40.46115875 2.15481162 6.39269972 4.21567869 2.32368469 2.76813412 8.60272026 10.82431030 11.28517723 45.27690125
40.36754227 2.14469075 6.37090111 4.16485929 2.32391953 2.76807714 8.60270119 10.82429218 11.27722263 45.22069550
40.27421188 2.13542724 6.34940529 4.11494732 2.32414126 2.76801944 8.60268307 10.82427406 11.26992702 45.16468048
40.18115234 2.12694287 6.32820415 4.06596184 2.32435584 2.76796031 8.60266399 10.82425499 11.26325989 45.10887527
40.08837128 2.11918879 6.30733490 4.01791096 2.32458520 2.76790071 8.60264492 10.82423592 11.25719643 45.05327606
39.99592590 2.11215663 6.28678942 3.97085714 2.32481599 2.76784015 8.60262585 10.82421780 11.25168800 44.99787140
39.90393829 2.10575700 6.26659727 3.92486072 2.32505560 2.76777864 8.60260582 10.82419872 11.24669266 44.94268036
39.81251907 2.09977508 6.24673462 3.87997961 2.32529140 2.76771641 8.60258484 10.82417965 11.24216938 44.88769531
39.72152710 2.09401870 6.22710514 3.83618689 2.32549691 2.76765323 8.60256481 10.82415962 11.23807716 44.83291245
39.63071823 2.08820462 6.20763302 3.79329252 2.32568598 2.76758933 8.60254383 10.82413960 11.23435783 44.77832794
39.54000854 2.08244157 6.18834686 3.75126219 2.32586884 2.76752448 8.60252190 10.82412052 11.23096466 44.72392654
39.44945908 2.07693291 6.16922855 3.71018744 2.32603097 2.76745892 8.60249996 10.82410049 11.22786522 44.66971207
39.35905457 2.07141256 6.15022326 3.67004919 2.32616377 2.76739240 8.60247898 10.82407951 11.22502995 44.61568069
39.26878357 2.06579947 6.13131618 3.63082504 2.32626796 2.76732492 8.60245705 10.82405949 11.22243404 44.56181717
39.17864609 2.06008387 6.11248350 3.59251857 2.32633924 2.76725674 8.60243511 10.82403755 11.22005653 44.50812912
39.08864594 2.05416250 6.09368753 3.55514860 2.32636476 2.76718760 8.60241127 10.82401562 11.21786785 44.45458603
38.99880600 2.04836488 6.07491207 3.51882744 2.32632637 2.76711726 8.60238838 10.82399368 11.21583366 44.40114212
38.90907669 2.04345822 6.05620718 3.48341703 2.32628870 2.76704669 8.60236549 10.82397079 11.21398067 44.34782791
38.81933975 2.03902364 6.03754234 3.44854355 2.32630706 2.76697564 8.60234165 10.82394791 11.21234989 44.29473877
38.72955704 2.03451920 6.01896143 3.41432786 2.32633805 2.76690388 8.60231781 10.82392502 11.21088028 44.24188995
38.63974380 2.03000331 6.00047541 3.38082600 2.32637095 2.76683116 8.60229301 10.82390118 11.20953846 44.18929291
38.54990768 2.02550745 5.98207188 3.34800959 2.32640958 2.76675725 8.60226917 10.82387733 11.20831585 44.13694000
38.46007156 2.02098560 5.96376133 3.31589198 2.32644963 2.76668310 8.60224533 10.82385254 11.20719719 44.08483887
38.37023926 2.01646423 5.94554520 3.28447676 2.32648683 2.76660752 8.60222149 10.82382870 11.20617390 44.03297806
38.28042221 2.01196599 5.92742014 3.25375032 2.32652187 2.76653123 8.60219669 10.82380295 11.20524025 43.98136520
38.19062805 2.00750804 5.90938520 3.22369766 2.32655454 2.76645422 8.60217190 10.82377815 11.20438766 43.92999649
38.10085678 2.00309563 5.89144087 3.19430947 2.32658458 2.76637626 8.60214710 10.82375240 11.20360947 43.87886810
38.01111221 1.99873888 5.87358665 3.16557121 2.32661200 2.76629758 8.60212135 10.82372570 11.20289898 43.82798386
37.92140198 1.99444497 5.85582066 3.13747120 2.32663679 2.76621795 8.60209656 10.82369900 11.20224857 43.77734756
37.83172607 1.99022019 5.83814335 3.10999656 2.32666016 2.76613712 8.60207081 10.82367134 11.20165539 43.72695160
37.74208450 1.98606932 5.82055283 3.08313656 2.32668209 2.76605558 8.60204506 10.82364464 11.20111370 43.67679214
37.65247726 1.98199570 5.80304956 3.05688238 2.32670355 2.76597285 8.60201931 10.82361698 11.20061874 43.62688065
37.56291580 1.97799993 5.78563118 3.03122544 2.32672477 2.76588893 8.60199261 10.82358837 11.20016766 43.57720947
37.47338867 1.97408211 5.76829672 3.00615788 2.32674670 2.76580429 8.60196495 10.82355976 11.19975948 43.52777863
37.38391113 1.97024250 5.75104380 2.98167253 2.32676935 2.76571870 8.60193825 10.82353115 11.19939232 43.47859192
37.29447937 1.96648216 5.73387146 2.95776296 2.32679343 2.76563215 8.60191154 10.82350159 11.19906425 43.42963791
37.20509720 1.96280122 5.71677780 2.93442321 2.32682014 2.76554465 8.60188293 10.82347298 11.19877720 43.38093185
37.11576843 1.95920002 5.69976234 2.91164780 2.32684946 2.76545572 8.60185528 10.82344246 11.19853592 43.33246613
37.02649689 1.95567858 5.68282413 2.88943267 2.32688189 2.76536608 8.60182571 10.82341194 11.19834232 43.28423691
36.93728638 1.95223784 5.66596174 2.86777258 2.32691860 2.76527500 8.60179710 10.82338238 11.19820499 43.23624802
36.84813309 1.94887853 5.64917421 2.84666348 2.32695937 2.76518321 8.60176849 10.82335091 11.19813442 43.18849945
36.75905991 1.94560158 5.63246250 2.82609987 2.32700467 2.76509047 8.60173893 10.82332039 11.19813919 43.14098740
36.67005539 1.94240773 5.61582518 2.80607677 2.32705498 2.76499605 8.60170841 10.82328796 11.19822693 43.09371185
36.58112717 1.93929756 5.59926414 2.78658772 2.32711029 2.76490068 8.60167789 10.82325649 11.19840145 43.04668045
36.49227905 1.93627024 5.58277893 2.76762533 2.32717037 2.76480412 8.60164738 10.82322407 11.19865513 42.99988174
36.40351868 1.93332422 5.56636953 2.74917960 2.32723403 2.76470613 8.60161591 10.82319260 11.19897175 42.95331955
36.31484985 1.93045604 5.55003786 2.73124051 2.32729959 2.76460719 8.60158539 10.82315922 11.19932461 42.90700150
36.22627258 1.92766225 5.53378105 2.71379423 2.32736564 2.76450706 8.60155296 10.82312584 11.19968796 42.86091614
36.13779831 1.92494023 5.51759863 2.69682670 2.32743025 2.76440573 8.60152149 10.82309437 11.20003510 42.81506348
36.04943466 1.92228854 5.50148964 2.68032241 2.32749200 2.76430273 8.60148907 10.82306004 11.20034885 42.76944733
35.96118164 1.91970849 5.48545218 2.66426611 2.32754993 2.76419878 8.60145569 10.82302570 11.20061588 42.72406387
35.87305832 1.91720414 5.46948719 2.64864230 2.32760382 2.76409364 8.60142326 10.82299137 11.20083427 42.67890549
35.78507996 1.91478062 5.45359516 2.63343716 2.32765436 2.76398683 8.60138893 10.82295609 11.20100117 42.63398743
35.69725418 1.91244447 5.43777943 2.61863637 2.32770109 2.76387882 8.60135460 10.82292175 11.20111942 42.58929825
35.60961151 1.91020334 5.42204428 2.60422778 2.32774568 2.76376963 8.60132027 10.82288551 11.20119476 42.54483795
35.52217102 1.90806437 5.40639448 2.59020114 2.32778835 2.76365900 8.60128498 10.82285023 11.20123196 42.50061035
35.43496704 1.90603650 5.39083815 2.57654715 2.32783008 2.76354766 8.60124874 10.82281399 11.20123482 42.45661926
35.34804916 1.90412927 5.37538719 2.56326151 2.32787275 2.76343489 8.60121346 10.82277679 11.20120907 42.41286469
35.26146698 1.90235400 5.36005783 2.55034494 2.32791853 2.76332068 8.60117722 10.82273960 11.20115757 42.36935043
35.17531204 1.90072703 5.34487438 2.53780723 2.32796907 2.76320529 8.60114002 10.82270145 11.20108128 42.32608414
35.08971786 1.89928174 5.32987070 2.52566862 2.32802176 2.76308870 8.60110283 10.82266331 11.20098400 42.28307343
35.00482559 1.89807153 5.31504869 2.51394629 2.32805681 2.76297116 8.60106564 10.82262516 11.20086479 42.24031448
34.92062759 1.89700913 5.30033684 2.50258732 2.32805753 2.76285195 8.60102654 10.82258606 11.20071697 42.19778824
34.83691788 1.89591479 5.28568220 2.49146461 2.32805800 2.76273131 8.60098743 10.82254696 11.20053101 42.15548706
34.75353622 1.89482772 5.27106714 2.48053527 2.32807779 2.76260972 8.60094833 10.82250690 11.20034695 42.11339951
34.67042160 1.89383531 5.25651455 2.46980047 2.32810974 2.76248693 8.60090923 10.82246780 11.20016766 42.07155228
34.58757782 1.89296436 5.24204779 2.45926452 2.32814574 2.76236248 8.60086918 10.82242680 11.19998074 42.02993393
34.50503159 1.89220405 5.22767115 2.44892383 2.32818246 2.76223683 8.60082722 10.82238579 11.19978523 41.98855972
34.42279816 1.89153862 5.21338081 2.43877101 2.32821989 2.76211023 8.60078716 10.82234478 11.19958210 41.94742203
34.34088516 1.89096034 5.19917631 2.42879534 2.32825851 2.76198220 8.60074520 10.82230377 11.19937706 41.90652466
34.25930023 1.89047027 5.18505764 2.41898918 2.32829785 2.76185298 8.60070419 10.82226086 11.19916916 41.86585999
34.17805481 1.89007342 5.17102671 2.40934515 2.32833862 2.76172280 8.60066128 10.82221794 11.19895744 41.82543945
34.09715271 1.88976908 5.15708447 2.39985490 2.32837963 2.76159096 8.60061836 10.82217503 11.19874477 41.78525162
34.01660538 1.88955331 5.14323092 2.39051151 2.32842064 2.76145768 8.60057640 10.82213211 11.19852543 41.74530411
33.93640900 1.88942194 5.12946415 2.38130641 2.32846165 2.76132274 8.60053253 10.82208824 11.19830322 41.70559311
33.85657120 1.88936865 5.11578369 2.37223125 2.32850242 2.76118684 8.60048962 10.82204437 11.19807529 41.66611862
33.77709198 1.88938665 5.10218716 2.36327720 2.32854223 2.76104999 8.60044575 10.82199764 11.19784355 41.62687683
33.69796753 1.88946736 5.08867168 2.35443497 2.32858038 2.76091146 8.60040092 10.82195282 11.19760704 41.58786774
33.61919785 1.88960147 5.07523441 2.34569454 2.32861638 2.76077175 8.60035610 10.82190609 11.19736671 41.54909134
33.54077530 1.88977814 5.06187153 2.33704615 2.32865000 2.76063061 8.60031128 10.82185936 11.19711876 41.51054764
33.46269989 1.88998663 5.04857826 2.32848001 2.32868028 2.76048827 8.60026550 10.82181263 11.19686699 41.47222900
33.38496017 1.89021575 5.03534889 2.31998467 2.32870746 2.76034451 8.60021973 10.82176495 11.19660664 41.43414307
33.30755234 1.89045417 5.02217627 2.31155157 2.32873011 2.76019931 8.60017204 10.82171631 11.19634056 41.39628220
33.23046112 1.89069211 5.00905561 2.30316949 2.32874846 2.76005268 8.60012531 10.82166767 11.19606781 41.35863876
33.15368652 1.89092064 4.99597883 2.29483056 2.32876158 2.75990486 8.60007858 10.82161713 11.19578934 41.32121658
33.07720947 1.89113271 4.98293924 2.28652668 2.32876897 2.75975513 8.60003090 10.82156658 11.19550514 41.28401947
33.00103378 1.89132285 4.96993113 2.27825046 2.32877183 2.75960469 8.59998226 10.82151604 11.19521332 41.24703217
32.92514801 1.89148855 4.95694876 2.26999617 2.32876897 2.75945234 8.59993458 10.82146454 11.19491768 41.21025848
32.84954834 1.89162886 4.94398785 2.26175976 2.32876134 2.75929880 8.59988499 10.82141113 11.19461441 41.17369843
32.77422714 1.89174545 4.93104649 2.25353742 2.32874823 2.75914359 8.59983540 10.82135868 11.19430923 41.13734436
32.69919205 1.89184117 4.91812468 2.24532771 2.32872987 2.75898719 8.59978485 10.82130432 11.19400024 41.10120392
32.62443924 1.89192176 4.90522194 2.23712969 2.32870770 2.75882888 8.59973431 10.82124996 11.19368744 41.06526566
32.54998016 1.89199531 4.89234304 2.22894430 2.32868099 2.75866938 8.59968376 10.82119465 11.19337273 41.02953339
32.47582245 1.89207256 4.87949371 2.22077394 2.32865095 2.75850868 8.59963226 10.82113838 11.19305611 40.99399948
32.40199280 1.89216900 4.86668253 2.21262193 2.32861710 2.75834608 8.59958076 10.82108116 11.19273949 40.95867157
32.32851410 1.89230776 4.85392094 2.20449257 2.32858133 2.75818205 8.59952831 10.82102394 11.19242096 40.92354584
32.25544357 1.89252639 4.84122562 2.19639301 2.32854319 2.75801587 8.59947586 10.82096481 11.19210052 40.88861465
32.18285751 1.89288676 4.82862377 2.18832970 2.32850409 2.75784874 8.59942341 10.82090569 11.19178009 40.85388184
32.11090469 1.89346802 4.81615162 2.18030906 2.32846880 2.75768042 8.59937096 10.82084370 11.19146061 40.81936264
32.03981400 1.89417303 4.80383253 2.17231083 2.32844758 2.75751162 8.59931850 10.82078075 11.19113350 40.78506851
31.96975708 1.89425170 4.79155016 2.16424656 2.32842851 2.75734162 8.59926701 10.82071400 11.19082832 40.75097656
31.90059280 1.89346802 4.77931356 2.15630436 2.32837272 2.75716734 8.59921265 10.82064819 11.19061089 40.71703339
31.83223724 1.89264238 4.76749372 2.14872885 2.32832432 2.75699162 8.59915543 10.82058430 11.19036961 40.68330002
31.76442528 1.89204037 4.75595427 2.14132118 2.32829618 2.75681424 8.59909916 10.82052040 11.19011497 40.64976883
31.69701576 1.89149511 4.74454546 2.13403606 2.32828045 2.75663495 8.59904099 10.82045460 11.18988419 40.61641693
31.62999344 1.89098024 4.73324919 2.12686849 2.32826757 2.75645471 8.59898472 10.82038975 11.18964100 40.58325958
31.56332397 1.89050007 4.72205782 2.11978722 2.32825756 2.75627255 8.59892654 10.82032299 11.18938541 40.55028152
31.49696732 1.89004374 4.71095324 2.11277437 2.32825041 2.75608873 8.59886742 10.82025528 11.18912792 40.51748657
31.43089485 1.88960576 4.69993305 2.10582185 2.32824564 2.75590324 8.59880924 10.82018757 11.18886375 40.48486328
31.36508560 1.88918185 4.68899632 2.09892416 2.32824254 2.75571609 8.59874821 10.82011890 11.18859768 40.45241928
31.29952049 1.88877141 4.67814350 2.09207869 2.32824183 2.75552702 8.59868813 10.82004929 11.18832684 40.42014313
31.23418808 1.88837254 4.66737461 2.08528376 2.32824349 2.75533652 8.59862709 10.81997967 11.18805504 40.38804245
31.16907310 1.88798463 4.65669155 2.07853937 2.32824850 2.75514388 8.59856606 10.81990910 11.18778133 40.35611343
31.10416412 1.88760710 4.64609528 2.07184625 2.32825685 2.75494981 8.59850407 10.81983757 11.18750763 40.32434845
31.03945160 1.88723969 4.63558912 2.06520462 2.32826948 2.75475359 8.59844112 10.81976414 11.18723392 40.29275131
30.97492790 1.88688219 4.62517405 2.05861664 2.32828593 2.75455618 8.59837818 10.81969070 11.18696117 40.26131821
30.91058731 1.88653398 4.61485147 2.05208254 2.32830739 2.75435686 8.59831429 10.81961536 11.18669128 40.23004532
30.84641838 1.88619506 4.60462427 2.04560471 2.32833409 2.75415587 8.59824944 10.81954098 11.18642044 40.19893646
30.78241730 1.88586450 4.59449530 2.03918481 2.32836580 2.75395274 8.59818459 10.81946564 11.18615150 40.16799164
30.71858406 1.88554204 4.58446503 2.03282452 2.32840371 2.75374818 8.59811878 10.81938839 11.18588543 40.13720703
30.65490913 1.88522756 4.57453680 2.02652621 2.32844782 2.75354195 8.59805298 10.81931114 11.18561935 40.10657501
30.59138870 1.88491964 4.56471300 2.02029181 2.32849884 2.75333405 8.59798527 10.81923199 11.18535805 40.07610321
30.52802086 1.88461804 4.55499506 2.01412296 2.32855678 2.75312424 8.59791756 10.81915283 11.18509865 40.04579163
30.46479797 1.88432205 4.54538679 2.00802302 2.32862234 2.75291300 8.59784985 10.81907272 11.18484020 40.01563263
30.40172005 1.88403046 4.53588963 2.00199366 2.32869577 2.75269985 8.59778118 10.81899166 11.18458652 39.98563004
30.33878517 1.88374245 4.52650738 1.99603713 2.32877755 2.75248504 8.59771252 10.81890965 11.18433571 39.95577621
30.27598763 1.88345683 4.51724195 1.99015605 2.32886887 2.75226855 8.59764194 10.81882668 11.18408775 39.92608261
30.21332550 1.88317192 4.50809622 1.98435330 2.32897019 2.75205016 8.59757137 10.81874275 11.18384361 39.89653778
30.15079880 1.88288605 4.49907398 1.97863054 2.32908177 2.75183010 8.59749985 10.81865883 11.18360329 39.86714554
30.08840179 1.88259757 4.49017811 1.97299111 2.32920480 2.75160885 8.59742832 10.81857204 11.18336582 39.83789825
30.02613449 1.88230336 4.48141146 1.96743691 2.32933950 2.75138545 8.59735584 10.81848717 11.18313217 39.80879593
29.96399117 1.88200080 4.47277832 1.96197104 2.32948756 2.75116086 8.59728336 10.81839943 11.18290234 39.77984619
29.90197754 1.88168645 4.46428204 1.95659626 2.32964897 2.75093508 8.59721088 10.81831074 11.18267822 39.75104523
29.84008217 1.88135672 4.45592737 1.95131505 2.32982612 2.75070739 8.59713745 10.81822205 11.18245888 39.72238541
29.77831078 1.88100624 4.44771862 1.94613028 2.33001900 2.75047851 8.59706306 10.81813240 11.18224430 39.69387054
29.71665382 1.88062978 4.43966007 1.94104481 2.33022976 2.75024819 8.59698772 10.81804085 11.18203735 39.66550064
29.65511513 1.88022041 4.43175840 1.93606174 2.33045983 2.75001669 8.59691238 10.81794834 11.18183422 39.63727188
29.59368896 1.87977064 4.42401695 1.93118393 2.33071041 2.74978399 8.59683704 10.81785679 11.18163967 39.60918427
29.53237343 1.87927151 4.41644430 1.92641437 2.33098388 2.74955010 8.59676075 10.81776333 11.18145180 39.58123398
