8.58021832 17.86213875 11.05869961 8.55828667 2.60076809 2.60076809 8.55828571 11.05869961 17.86213875 8.58021832
8.54024410 17.60499954 11.05346870 8.52052116 2.55509591 2.55509591 8.52052116 11.05346870 17.60500145 8.54024315
8.52898598 17.48858452 11.07267952 8.52660656 2.50172091 2.50172091 8.52660751 11.07268047 17.48858643 8.52898502
8.52618885 17.43760300 11.08054352 8.52269363 2.49072385 2.49072385 8.52269363 11.08054352 17.43760109 8.52618885
8.52166176 17.36783791 11.08076859 8.51587963 2.48120928 2.48120928 8.51587963 11.08076859 17.36783600 8.52166080
8.51546764 17.28893471 11.07934380 8.50824547 2.46870875 2.46870875 8.50824451 11.07934380 17.28893852 8.51546764
8.50923920 17.20928383 11.07693577 8.49953461 2.45621085 2.45621085 8.49953461 11.07693577 17.20928383 8.50923920
8.50305462 17.12698936 11.07444286 8.49002075 2.44312620 2.44312620 8.49002075 11.07444191 17.12698746 8.50305462
8.49741745 17.04201508 11.07155895 8.47995472 2.42877913 2.42877913 8.47995472 11.07155800 17.04201508 8.49741840
8.49271011 16.95401573 11.06811428 8.46926594 2.41368127 2.41368127 8.46926594 11.06811523 16.95401573 8.49271011
8.48776627 16.86230659 11.06432056 8.45799446 2.39759231 2.39759231 8.45799446 11.06432056 16.86230659 8.48776627
8.48195171 16.76807022 11.06042290 8.44604588 2.38109064 2.38109064 8.44604492 11.06042290 16.76806831 8.48195267
8.47570896 16.67195320 11.05647278 8.43345642 2.36450601 2.36450601 8.43345642 11.05647278 16.67195129 8.47570896
8.46907425 16.57485199 11.05261135 8.42042065 2.34708691 2.34708714 8.42042065 11.05261135 16.57485390 8.46907425
8.46227837 16.47812080 11.04875469 8.40694046 2.32900190 2.32900214 8.40694046 11.04875469 16.47812080 8.46227932
8.45525742 16.38292503 11.04488659 8.39308071 2.31016445 2.31016445 8.39308071 11.04488659 16.38292503 8.45525742
8.44786167 16.28953552 11.04097939 8.37879372 2.29084110 2.29084110 8.37879372 11.04097939 16.28953552 8.44786167
8.44023228 16.19679642 11.03700733 8.36400795 2.27132702 2.27132678 8.36400795 11.03700829 16.19679642 8.44023228
8.43250847 16.10437202 11.03294086 8.34871864 2.25171018 2.25171018 8.34871864 11.03294086 16.10437012 8.43250847
8.42471027 16.01262665 11.02874756 8.33295441 2.23198938 2.23198938 8.33295441 11.02874756 16.01262665 8.42471027
8.41688347 15.92203999 11.02438259 8.31673145 2.21220183 2.21220160 8.31673145 11.02438259 15.92204094 8.41688251
8.40893555 15.83303261 11.01984024 8.30008411 2.19229698 2.19229698 8.30008411 11.01984024 15.83303261 8.40893555
8.40061092 15.74565411 11.01517105 8.28305721 2.17215037 2.17215037 8.28305721 11.01517010 15.74565411 8.40061092
8.39194107 15.65960407 11.01037502 8.26566887 2.15173984 2.15173984 8.26566887 11.01037598 15.65960503 8.39194107
8.38297558 15.57440472 11.00546360 8.24792767 2.13101912 2.13101888 8.24792767 11.00546265 15.57440376 8.38297558
8.37374210 15.48980618 11.00043774 8.22984791 2.10994887 2.10994887 8.22984791 11.00043774 15.48980713 8.37374210
8.36411762 15.40575600 10.99535751 8.21144867 2.08832955 2.08832955 8.21144867 10.99535751 15.40575600 8.36411762
8.35388947 15.32274723 10.99021149 8.19270039 2.06602597 2.06602597 8.19270134 10.99021149 15.32274723 8.35388947
8.34310246 15.24124050 10.98483944 8.17360973 2.04350233 2.04350233 8.17360973 10.98484039 15.24124050 8.34310246
8.33218861 15.16118526 10.97922230 8.15417957 2.02087259 2.02087259 8.15417957 10.97922134 15.16118431 8.33218861
8.32123089 15.08231449 10.97339058 8.13443565 1.99809456 1.99809456 8.13443565 10.97339153 15.08231449 8.32122993
8.31021404 15.00443840 10.96738148 8.11437798 1.97514772 1.97514772 8.11437798 10.96738148 15.00443840 8.31021404
8.29910469 14.92748356 10.96120644 8.09400558 1.95201838 1.95201850 8.09400558 10.96120644 14.92748356 8.29910469
8.28788280 14.85143852 10.95486832 8.07331848 1.92870653 1.92870653 8.07331848 10.95486927 14.85143852 8.28788185
8.27653980 14.77632809 10.94837093 8.05231571 1.90521777 1.90521777 8.05231571 10.94836998 14.77632713 8.27654076
8.26507854 14.70217323 10.94171238 8.03100014 1.88155198 1.88155198 8.03100014 10.94171333 14.70217228 8.26507854
8.25349808 14.62896633 10.93490028 8.00937748 1.85770500 1.85770500 8.00937748 10.93489933 14.62896633 8.25349808
8.24179840 14.55669308 10.92793846 7.98745441 1.83367264 1.83367276 7.98745441 10.92793846 14.55669117 8.24179840
8.22998047 14.48534489 10.92083645 7.96524191 1.80945551 1.80945539 7.96524191 10.92083549 14.48534489 8.22998142
8.21805000 14.41493893 10.91359615 7.94275045 1.78506684 1.78506684 7.94275045 10.91359615 14.41493988 8.21805000
8.20601654 14.34548473 10.90622234 7.91998911 1.76053035 1.76053035 7.91998911 10.90622234 14.34548473 8.20601559
8.19390011 14.27699280 10.89871502 7.89696980 1.73587155 1.73587167 7.89696980 10.89871502 14.27699471 8.19389915
8.18171787 14.20947552 10.89107609 7.87370396 1.71111548 1.71111548 7.87370396 10.89107609 14.20947647 8.18171787
8.16949177 14.14294243 10.88330460 7.85020351 1.68627930 1.68627930 7.85020399 10.88330460 14.14294338 8.16949177
8.15723515 14.07739258 10.87540340 7.82647896 1.66137183 1.66137183 7.82647848 10.87540436 14.07739258 8.15723515
8.14495468 14.01281929 10.86737347 7.80253649 1.63639593 1.63639605 7.80253649 10.86737347 14.01281929 8.14495468
8.13265419 13.94920635 10.85921383 7.77838326 1.61135256 1.61135268 7.77838326 10.85921383 13.94920540 8.13265419
8.12033463 13.88653660 10.85092545 7.75402212 1.58624208 1.58624208 7.75402164 10.85092640 13.88653660 8.12033463
8.10799503 13.82479286 10.84251022 7.72945547 1.56106460 1.56106460 7.72945595 10.84251022 13.82479286 8.10799408
8.09563732 13.76396275 10.83396721 7.70468760 1.53582215 1.53582215 7.70468760 10.83396721 13.76396179 8.09563637
8.08326530 13.70403481 10.82529831 7.67972565 1.51051974 1.51051986 7.67972517 10.82529831 13.70403671 8.08326530
8.07088661 13.64501476 10.81650543 7.65457630 1.48516619 1.48516619 7.65457678 10.81650543 13.64501476 8.07088661
8.05850887 13.58692074 10.80758667 7.62925339 1.45977128 1.45977128 7.62925339 10.80758667 13.58691978 8.05850983
8.04614162 13.52980804 10.79854584 7.60376930 1.43434560 1.43434560 7.60376978 10.79854584 13.52980614 8.04614067
8.03378677 13.47375393 10.78938484 7.57814312 1.40890312 1.40890312 7.57814312 10.78938484 13.47375298 8.03378773
8.02144241 13.41878033 10.78010464 7.55239105 1.38347471 1.38347471 7.55239058 10.78010464 13.41878128 8.02144241
8.00910091 13.36481476 10.77070618 7.52652407 1.35809958 1.35809958 7.52652454 10.77070618 13.36481476 8.00910091
7.99676228 13.31175804 10.76118946 7.50055456 1.33279240 1.33279228 7.50055408 10.76118946 13.31175804 7.99676228
7.98443174 13.25952435 10.75155926 7.47449064 1.30755579 1.30755579 7.47449064 10.75155830 13.25952339 7.98443174
7.97211933 13.20806789 10.74181938 7.44834137 1.28239691 1.28239691 7.44834137 10.74181938 13.20806789 7.97211838
7.95984650 13.15736580 10.73197746 7.42211294 1.25731981 1.25731981 7.42211294 10.73197746 13.15736580 7.95984650
7.94768572 13.10746002 10.72205639 7.39579916 1.23231685 1.23231685 7.39579964 10.72205639 13.10745907 7.94768572
7.93572426 13.05872154 10.71210575 7.36938620 1.20740438 1.20740438 7.36938572 10.71210670 13.05872154 7.93572521
7.92383480 13.01120758 10.70210171 7.34290409 1.18249154 1.18249154 7.34290361 10.70210171 13.01120758 7.92383432
7.91209269 12.96425629 10.69204712 7.31642771 1.15763783 1.15763795 7.31642771 10.69204807 12.96425724 7.91209221
7.90047026 12.91751289 10.68191338 7.29000092 1.13285553 1.13285542 7.29000092 10.68191338 12.91751289 7.90047026
7.88885021 12.87119770 10.67166424 7.26361227 1.10831749 1.10831749 7.26361227 10.67166424 12.87119770 7.88885069
7.87717485 12.82549381 10.66129017 7.23728466 1.08405781 1.08405781 7.23728466 10.66129017 12.82549381 7.87717485
7.86545897 12.78042126 10.65080738 7.21106434 1.06011808 1.06011808 7.21106434 10.65080738 12.78042221 7.86545897
7.85373402 12.73599815 10.64023399 7.18499136 1.03654611 1.03654623 7.18499136 10.64023399 12.73599815 7.85373449
7.84202480 12.69222164 10.62958241 7.15909147 1.01337194 1.01337206 7.15909195 10.62958241 12.69222164 7.84202480
7.83034420 12.64905548 10.61886024 7.13336754 0.99061495 0.99061489 7.13336706 10.61885929 12.64905548 7.83034420
7.81868792 12.60644722 10.60806656 7.10779572 0.96826786 0.96826792 7.10779572 10.60806656 12.60644722 7.81868839
7.80704165 12.56434917 10.59720325 7.08234978 0.94630212 0.94630212 7.08234978 10.59720421 12.56435013 7.80704165
7.79539347 12.52274990 10.58627605 7.05701351 0.92469347 0.92469347 7.05701351 10.58627605 12.52274990 7.79539299
7.78373957 12.48165321 10.57528782 7.03178024 0.90343237 0.90343237 7.03178024 10.57528782 12.48165321 7.78373957
7.77208185 12.44106102 10.56424522 7.00664949 0.88251776 0.88251776 7.00664902 10.56424427 12.44106007 7.77208185
7.76042223 12.40098190 10.55314922 6.98162222 0.86195040 0.86195034 6.98162222 10.55315018 12.40098190 7.76042223
7.74876404 12.36141872 10.54200554 6.95669937 0.84173292 0.84173292 6.95669937 10.54200459 12.36141968 7.74876404
7.73710966 12.32237816 10.53081322 6.93188095 0.82186967 0.82186967 6.93188095 10.53081322 12.32237911 7.73710966
7.72546387 12.28386402 10.51957703 6.90716791 0.80236727 0.80236727 6.90716791 10.51957607 12.28386402 7.72546339
7.71382856 12.24587917 10.50829697 6.88256073 0.78323364 0.78323364 6.88256121 10.50829697 12.24587727 7.71382856
7.70220757 12.20842075 10.49697590 6.85806131 0.76447660 0.76447660 6.85806131 10.49697590 12.20841980 7.70220757
7.69060421 12.17148972 10.48561573 6.83366823 0.74610305 0.74610305 6.83366823 10.48561573 12.17148972 7.69060421
7.67902136 12.13506985 10.47421551 6.80937958 0.72811782 0.72811782 6.80937958 10.47421551 12.13506889 7.67902088
7.66746044 12.09914875 10.46278000 6.78519154 0.71052223 0.71052223 6.78519154 10.46278000 12.09914970 7.66746044
7.65592241 12.06371212 10.45130539 6.76109886 0.69331336 0.69331336 6.76109886 10.45130634 12.06371117 7.65592241
7.64440870 12.02874374 10.43979454 6.73709393 0.67648280 0.67648280 6.73709393 10.43979454 12.02874279 7.64440918
7.63291788 11.99424076 10.42824745 6.71316814 0.66001499 0.66001493 6.71316814 10.42824650 11.99424076 7.63291788
7.62144804 11.96021843 10.41666031 6.68931198 0.64388502 0.64388502 6.68931150 10.41666031 11.96021748 7.62144756
7.60999393 11.92672348 10.40503502 6.66551304 0.62805510 0.62805510 6.66551304 10.40503502 11.92672443 7.60999393
7.59855175 11.89384174 10.39336872 6.64175940 0.61246896 0.61246896 6.64175940 10.39336872 11.89384079 7.59855175
7.58711290 11.86163712 10.38165951 6.61803675 0.59704846 0.59704846 6.61803675 10.38165951 11.86163616 7.58711243
7.57566690 11.83003044 10.36990261 6.59432840 0.58170784 0.58170784 6.59432840 10.36990261 11.83003044 7.57566643
7.56420326 11.79872417 10.35809135 6.57061958 0.56639886 0.56639886 6.57061958 10.35809135 11.79872417 7.56420374
7.55272007 11.76742840 10.34622288 6.54690409 0.55115020 0.55115020 6.54690409 10.34622288 11.76742649 7.55272007
7.54121399 11.73605633 10.33429432 6.52318382 0.53604794 0.53604794 6.52318335 10.33429432 11.73605633 7.54121399
7.52968645 11.70464611 10.32230949 6.49946356 0.52118331 0.52118331 6.49946404 10.32230949 11.70464611 7.52968645
7.51813889 11.67324734 10.31027031 6.47574854 0.50662190 0.50662190 6.47574902 10.31027031 11.67324829 7.51813889
7.50657558 11.64189816 10.29817963 6.45204210 0.49240145 0.49240148 6.45204210 10.29817867 11.64190006 7.50657558
7.49499893 11.61062908 10.28603745 6.42834377 0.47853905 0.47853905 6.42834377 10.28603745 11.61062908 7.49499893
7.48341322 11.57945824 10.27384567 6.40465260 0.46503931 0.46503931 6.40465307 10.27384663 11.57945728 7.48341322
7.47182035 11.54840088 10.26160622 6.38096905 0.45189971 0.45189971 6.38096905 10.26160622 11.54840088 7.47182035
7.46022320 11.51747036 10.24931622 6.35728836 0.43911374 0.43911374 6.35728884 10.24931622 11.51747036 7.46022320
7.44862318 11.48667908 10.23697662 6.33361053 0.42667362 0.42667362 6.33361053 10.23697758 11.48667812 7.44862318
7.43702269 11.45603180 10.22458649 6.30993319 0.41457114 0.41457114 6.30993319 10.22458649 11.45603085 7.43702269
7.42542219 11.42553711 10.21214485 6.28625441 0.40279901 0.40279901 6.28625393 10.21214581 11.42553711 7.42542267
7.41382551 11.39520168 10.19965076 6.26257324 0.39135110 0.39135110 6.26257324 10.19965076 11.39520264 7.41382599
7.40223312 11.36503220 10.18710136 6.23888826 0.38022348 0.38022348 6.23888826 10.18710136 11.36503220 7.40223312
7.39064646 11.33503056 10.17449665 6.21519995 0.36941409 0.36941409 6.21519995 10.17449665 11.33503246 7.39064646
7.37906933 11.30521202 10.16183472 6.19150639 0.35892454 0.35892454 6.19150591 10.16183472 11.30521297 7.37906885
7.36750221 11.27558136 10.14911556 6.16780901 0.34876001 0.34876004 6.16780901 10.14911556 11.27558136 7.36750221
7.35594845 11.24615097 10.13633728 6.14410877 0.33893058 0.33893058 6.14410877 10.13633728 11.24615192 7.35594845
7.34441137 11.21693707 10.12349892 6.12040520 0.32945099 0.32945099 6.12040520 10.12349892 11.21693707 7.34441137
7.33289289 11.18795395 10.11060143 6.09670019 0.32034013 0.32034013 6.09670019 10.11060143 11.18795395 7.33289289
7.32139683 11.15921879 10.09764385 6.07299566 0.31161886 0.31161889 6.07299566 10.09764385 11.15921974 7.32139730
7.30992508 11.13074589 10.08462524 6.04929209 0.30330646 0.30330646 6.04929256 10.08462524 11.13074493 7.30992508
7.29847908 11.10254288 10.07154655 6.02559090 0.29541710 0.29541710 6.02559137 10.07154751 11.10254288 7.29847908
7.28706121 11.07461643 10.05840874 6.00189161 0.28795749 0.28795749 6.00189161 10.05840874 11.07461739 7.28706169
7.27567291 11.04696560 10.04520988 5.97819519 0.28092530 0.28092530 5.97819519 10.04520988 11.04696655 7.27567291
7.26431322 11.01958561 10.03194904 5.95449829 0.27431095 0.27431095 5.95449829 10.03194904 11.01958561 7.26431370
7.25298452 10.99246788 10.01862717 5.93080282 0.26809940 0.26809940 5.93080235 10.01862621 10.99246788 7.25298452
7.24168634 10.96560192 10.00524139 5.90710497 0.26227114 0.26227111 5.90710497 10.00524139 10.96560287 7.24168587
7.23041916 10.93897629 9.99179173 5.88340569 0.25680554 0.25680554 5.88340569 9.99179173 10.93897629 7.23041916
7.21918392 10.91257954 9.97827625 5.85970259 0.25168070 0.25168070 5.85970259 9.97827625 10.91257954 7.21918344
7.20798063 10.88640213 9.96469593 5.83599710 0.24687532 0.24687533 5.83599710 9.96469498 10.88640118 7.20798063
7.19680929 10.86043358 9.95104790 5.81228685 0.24236791 0.24236791 5.81228685 9.95104790 10.86043358 7.19680882
7.18567085 10.83466530 9.93733025 5.78857422 0.23813862 0.23813862 5.78857422 9.93733025 10.83466530 7.18567133
7.17456532 10.80908966 9.92354488 5.76485872 0.23416796 0.23416798 5.76485872 9.92354488 10.80908871 7.17456579
7.16349316 10.78369713 9.90968990 5.74114227 0.23043768 0.23043770 5.74114227 9.90968990 10.78369808 7.16349316
7.15245438 10.75848770 9.89576340 5.71742487 0.22693078 0.22693078 5.71742582 9.89576340 10.75848675 7.15245438
7.14144945 10.73344994 9.88176632 5.69370890 0.22363082 0.22363082 5.69370890 9.88176632 10.73344994 7.14144945
7.13047743 10.70858097 9.86769772 5.66999531 0.22052315 0.22052315 5.66999531 9.86769772 10.70858097 7.13047743
7.11954021 10.68387699 9.85355568 5.64628553 0.21759374 0.21759374 5.64628553 9.85355663 10.68387699 7.11954021
7.10863733 10.65933323 9.83934212 5.62258148 0.21482974 0.21482974 5.62258148 9.83934212 10.65933323 7.10863733
7.09776974 10.63494778 9.82505417 5.59888458 0.21221919 0.21221919 5.59888458 9.82505512 10.63494778 7.09776974
7.08693695 10.61071396 9.81069374 5.57519627 0.20975077 0.20975079 5.57519627 9.81069374 10.61071491 7.08693695
7.07614040 10.58663368 9.79625893 5.55151844 0.20741476 0.20741476 5.55151844 9.79625797 10.58663464 7.07614040
7.06537962 10.56270123 9.78174877 5.52785301 0.20520169 0.20520169 5.52785301 9.78174877 10.56270123 7.06537914
7.05465508 10.53891563 9.76716423 5.50420046 0.20310274 0.20310274 5.50420094 9.76716518 10.53891659 7.05465508
7.04396725 10.51527596 9.75250626 5.48056364 0.20110987 0.20110987 5.48056364 9.75250530 10.51527500 7.04396772
7.03331709 10.49177837 9.73777199 5.45694208 0.19921580 0.19921580 5.45694208 9.73777199 10.49177933 7.03331709
7.02270460 10.46842384 9.72296333 5.43333864 0.19741346 0.19741346 5.43333864 9.72296333 10.46842384 7.02270460
7.01212978 10.44521332 9.70807934 5.40975332 0.19569662 0.19569662 5.40975380 9.70807934 10.44521427 7.01212978
7.00159311 10.42214489 9.69311905 5.38618803 0.19405931 0.19405931 5.38618851 9.69311905 10.42214394 7.00159311
6.99109459 10.39921951 9.67808533 5.36264324 0.19249603 0.19249603 5.36264324 9.67808533 10.39922047 6.99109459
6.98063421 10.37644005 9.66297436 5.33912086 0.19100176 0.19100174 5.33912086 9.66297531 10.37644005 6.98063421
6.97021246 10.35380363 9.64778900 5.31562042 0.18957172 0.18957172 5.31561995 9.64778900 10.35380363 6.97021246
6.95982885 10.33131313 9.63252831 5.29214430 0.18820196 0.18820198 5.29214430 9.63252831 10.33131409 6.95982933
6.94948483 10.30896950 9.61719227 5.26869297 0.18688832 0.18688832 5.26869297 9.61719227 10.30896950 6.94948483
6.93917942 10.28677082 9.60178089 5.24526787 0.18562751 0.18562751 5.24526787 9.60178089 10.28676987 6.93917942
6.92891264 10.26471806 9.58629322 5.22186947 0.18441610 0.18441610 5.22186947 9.58629322 10.26471806 6.92891312
6.91868496 10.24280834 9.57073021 5.19849873 0.18325116 0.18325116 5.19849873 9.57073116 10.24280739 6.91868544
6.90849638 10.22104073 9.55509186 5.17515755 0.18213005 0.18213005 5.17515755 9.55509281 10.22103977 6.90849638
6.89834642 10.19941044 9.53938007 5.15184593 0.18104988 0.18104987 5.15184593 9.53937912 10.19940948 6.89834642
6.88823557 10.17791653 9.52359009 5.12856531 0.18000847 0.18000849 5.12856531 9.52359009 10.17791653 6.88823557
6.87816334 10.15655422 9.50772667 5.10531616 0.17900348 0.17900348 5.10531616 9.50772572 10.15655518 6.87816381
6.86813068 10.13532257 9.49178600 5.08210087 0.17803258 0.17803258 5.08210087 9.49178600 10.13532257 6.86813116
6.85813761 10.11421585 9.47577000 5.05891943 0.17709391 0.17709391 5.05891943 9.47577000 10.11421680 6.85813761
6.84818268 10.09323215 9.45967865 5.03577328 0.17618549 0.17618549 5.03577280 9.45967865 10.09323215 6.84818220
6.83826685 10.07236671 9.44351196 5.01266289 0.17530543 0.17530543 5.01266289 9.44351196 10.07236671 6.83826685
6.82838917 10.05161762 9.42726898 4.98958969 0.17445211 0.17445211 4.98958969 9.42726898 10.05161667 6.82838964
6.81855011 10.03098011 9.41095161 4.96655512 0.17362373 0.17362373 4.96655512 9.41095066 10.03098011 6.81855011
6.80874968 10.01045322 9.39455700 4.94356012 0.17281887 0.17281887 4.94356012 9.39455700 10.01045322 6.80874920
6.79898643 9.99003410 9.37808704 4.92060471 0.17203601 0.17203601 4.92060471 9.37808704 9.99003315 6.79898643
6.78926182 9.96971703 9.36154270 4.89769125 0.17127365 0.17127365 4.89769125 9.36154270 9.96971703 6.78926182
6.77957535 9.94950294 9.34492207 4.87482023 0.17053042 0.17053042 4.87482023 9.34492207 9.94950294 6.77957439
6.76992464 9.92938805 9.32822514 4.85199308 0.16980514 0.16980514 4.85199308 9.32822514 9.92938805 6.76992464
6.76031113 9.90937042 9.31145287 4.82921028 0.16909623 0.16909623 4.82921028 9.31145382 9.90937042 6.76031208
6.75073528 9.88944817 9.29460621 4.80647421 0.16840266 0.16840266 4.80647421 9.29460621 9.88944721 6.75073528
6.74119616 9.86961746 9.27768326 4.78378487 0.16772318 0.16772318 4.78378487 9.27768421 9.86961746 6.74119663
6.73169279 9.84987831 9.26068401 4.76114368 0.16705661 0.16705661 4.76114368 9.26068497 9.84987926 6.73169279
6.72222424 9.83022785 9.24361134 4.73855209 0.16640158 0.16640158 4.73855209 9.24361134 9.83022785 6.72222471
6.71279192 9.81066418 9.22646332 4.71601105 0.16575713 0.16575713 4.71601105 9.22646332 9.81066418 6.71279192
6.70339441 9.79118443 9.20923996 4.69352198 0.16512199 0.16512199 4.69352245 9.20923901 9.79118538 6.70339441
6.69403124 9.77178669 9.19194126 4.67108631 0.16449511 0.16449511 4.67108631 9.19194031 9.77178669 6.69403124
6.68470192 9.75246906 9.17456722 4.64870501 0.16387506 0.16387506 4.64870501 9.17456722 9.75247002 6.68470240
6.67540646 9.73322964 9.15711880 4.62637901 0.16326118 0.16326118 4.62637901 9.15711784 9.73322964 6.67540693
6.66614437 9.71406364 9.13959503 4.60410929 0.16265194 0.16265194 4.60410929 9.13959503 9.71406364 6.66614389
6.65691328 9.69497108 9.12199783 4.58189774 0.16204621 0.16204621 4.58189774 9.12199783 9.69497108 6.65691328
6.64771366 9.67594719 9.10432625 4.55974483 0.16144279 0.16144279 4.55974483 9.10432625 9.67594624 6.64771414
6.63854551 9.65698910 9.08658028 4.53765297 0.16084056 0.16084056 4.53765297 9.08658028 9.65698910 6.63854551
6.62940645 9.63809586 9.06876087 4.51562119 0.16023836 0.16023836 4.51562119 9.06876087 9.63809586 6.62940693
6.62029696 9.61926460 9.05086708 4.49365187 0.15963468 0.15963468 4.49365187 9.05086803 9.61926270 6.62029696
6.61121416 9.60049057 9.03290081 4.47174454 0.15902823 0.15902823 4.47174501 9.03289986 9.60048962 6.61121368
6.60215902 9.58177185 9.01486015 4.44990110 0.15841775 0.15841775 4.44990110 9.01486015 9.58177185 6.60215902
6.59312820 9.56310654 8.99674702 4.42812157 0.15780151 0.15780151 4.42812157 8.99674702 9.56310749 6.59312820
6.58412123 9.54449177 8.97856140 4.40640593 0.15717794 0.15717794 4.40640545 8.97856140 9.54449272 6.58412123
6.57513666 9.52592659 8.96030235 4.38475418 0.15654516 0.15654516 4.38475418 8.96030140 9.52592564 6.57513714
6.56617308 9.50740528 8.94196987 4.36316633 0.15590119 0.15590119 4.36316633 8.94196987 9.50740528 6.56617308
6.55722809 9.48892879 8.92356586 4.34164143 0.15524368 0.15524368 4.34164143 8.92356586 9.48892975 6.55722809
6.54830074 9.47049236 8.90508938 4.32017851 0.15456998 0.15456998 4.32017851 8.90508938 9.47049332 6.54830027
6.53938818 9.45209694 8.88654041 4.29877520 0.15387739 0.15387739 4.29877520 8.88654041 9.45209789 6.53938770
6.53048897 9.43374062 8.86791801 4.27742958 0.15316246 0.15316245 4.27742958 8.86791801 9.43374062 6.53048944
6.52160215 9.41542149 8.84922123 4.25613928 0.15242195 0.15242195 4.25613976 8.84922218 9.41542149 6.52160215
6.51272488 9.39714146 8.83045197 4.23490000 0.15165211 0.15165211 4.23490000 8.83045197 9.39714146 6.51272440
6.50385618 9.37889862 8.81160641 4.21370649 0.15084957 0.15084957 4.21370649 8.81160641 9.37889862 6.50385618
6.49499607 9.36069679 8.79268456 4.19255495 0.15001154 0.15001154 4.19255495 8.79268456 9.36069584 6.49499559
6.48614454 9.34253788 8.77368355 4.17143822 0.14913656 0.14913654 4.17143822 8.77368450 9.34253788 6.48614454
6.47730303 9.32442760 8.75460243 4.15035057 0.14822589 0.14822589 4.15035057 8.75460243 9.32442760 6.47730207
