3.53897834 18.10001945 2.98434949 8.96863651 1.18304312 1.18304312 8.96863651 2.98434949 18.10001945 3.53897858
3.53272533 18.05079651 2.97482729 8.91425419 1.18990791 1.20899904 8.99362850 2.96819639 18.02717400 3.53100657
3.52112389 17.95902443 2.97574997 8.83324051 1.18507671 1.19770896 8.99484444 2.96585965 17.92880249 3.52631497
3.51126456 17.85040665 2.96689725 8.75274277 1.17491305 1.18071115 8.98331642 2.96406817 17.82183075 3.49827337
3.49706030 17.72330666 2.95227695 8.66961384 1.16495597 1.16663063 8.97038269 2.96222854 17.71370697 3.47993207
3.47778678 17.58065224 2.93632603 8.58047771 1.15630412 1.15204144 8.95739746 2.96126175 17.60566330 3.46521115
3.45642328 17.42880249 2.91880178 8.48628426 1.14805913 1.13561738 8.94376755 2.96047068 17.49844551 3.45015240
3.43384480 17.27180862 2.89997387 8.38915443 1.13979352 1.11807477 8.92934322 2.95931625 17.39313126 3.43702078
3.41041565 17.11165810 2.88064075 8.29069328 1.13151729 1.09990382 8.91389179 2.95785069 17.28996277 3.42502213
3.38614035 16.94925690 2.86116052 8.19167233 1.12330759 1.08148420 8.89748287 2.95613813 17.18904686 3.41409683
3.36083317 16.78518105 2.84162426 8.09244442 1.11524856 1.06299984 8.88023281 2.95424151 17.09036064 3.40402246
3.33446383 16.62001610 2.82190323 7.99325228 1.10743368 1.04459822 8.86226940 2.95221138 16.99389458 3.39462376
3.30730391 16.45413017 2.80181718 7.89418888 1.09988701 1.02629924 8.84367275 2.95007753 16.89963150 3.38582516
3.27958822 16.28759193 2.78131795 7.79516602 1.09254003 1.00799990 8.82447815 2.94782043 16.80754852 3.37751579
3.25143981 16.12038994 2.76044726 7.69605541 1.08529174 0.98958021 8.80471134 2.94540596 16.71759796 3.36957836
3.22293496 15.95253277 2.73925066 7.59677553 1.07804394 0.97094750 8.78438663 2.94280457 16.62973595 3.36191535
3.19409418 15.78403854 2.71780014 7.49728251 1.07069230 0.95201558 8.76351357 2.93998098 16.54390335 3.35443902
3.16491318 15.61494446 2.69622493 7.39757442 1.06310737 0.93266565 8.74209213 2.93688107 16.46004105 3.34706116
3.13539314 15.44528675 2.67473173 7.29770899 1.05510020 0.91268313 8.72010994 2.93341112 16.37805367 3.33967423
3.10557818 15.27510548 2.65340972 7.19780540 1.04642153 0.89172369 8.69752884 2.92945290 16.29783440 3.33216643
3.07556462 15.10447979 2.63166738 7.09796238 1.03691781 0.86952466 8.67432308 2.92498469 16.21929169 3.32451344
3.04537868 14.93360424 2.60871530 6.99813890 1.02670538 0.84623706 8.65052414 2.92013836 16.14242363 3.31680846
3.01491976 14.76265621 2.58487558 6.89830017 1.01600718 0.82224876 8.62619305 2.91504288 16.06734467 3.30913591
2.98413730 14.59179878 2.56086802 6.79855108 1.00500596 0.79792506 8.60139370 2.90978980 15.99427891 3.30154443
2.95310593 14.42119217 2.53703475 6.69902468 0.99383372 0.77355349 8.57618904 2.90445185 15.92347240 3.29405403
2.92195964 14.25101089 2.51348472 6.59982491 0.98260075 0.74937916 8.55062962 2.89909625 15.85505581 3.28667569
2.89082646 14.08142662 2.49026871 6.50102854 0.97140509 0.72562110 8.52475452 2.89378595 15.78901863 3.27942228
2.85980725 13.91255474 2.46739721 6.40267420 0.96032804 0.70246053 8.49859715 2.88857341 15.72524261 3.27230906
2.82896805 13.74444962 2.44483232 6.30475283 0.94942492 0.68001950 8.47218037 2.88349581 15.66358566 3.26534200
2.79834366 13.57709980 2.42250252 6.20721674 0.93872225 0.65835160 8.44552135 2.87857056 15.60389328 3.25851536
2.76794076 13.41044998 2.40033770 6.10999870 0.92822337 0.63745236 8.41863441 2.87379766 15.54602051 3.25181651
2.73774958 13.24444294 2.37829041 6.01303482 0.91791928 0.61728132 8.39152241 2.86916828 15.48982716 3.24523044
2.70775175 13.07902527 2.35634017 5.91627502 0.90779728 0.59778208 8.36419392 2.86466932 15.43518829 3.23874474
2.67792749 12.91416359 2.33448219 5.81968451 0.89784503 0.57889289 8.33665085 2.86028790 15.38199329 3.23235083
2.64825773 12.74983215 2.31271648 5.72323942 0.88805163 0.56054920 8.30889606 2.85601068 15.33014107 3.22604132
2.61872387 12.58601665 2.29103994 5.62692261 0.87840676 0.54268384 8.28093052 2.85182595 15.27954388 3.21981120
2.58930826 12.42271042 2.26944637 5.53072071 0.86890090 0.52522784 8.25276089 2.84772229 15.23011494 3.21365476
2.55999327 12.25990582 2.24792504 5.43462467 0.85952455 0.50811130 8.22438526 2.84368777 15.18178368 3.20756769
2.53075981 12.09759521 2.22646308 5.33862686 0.85026890 0.49126419 8.19580841 2.83971238 15.13448143 3.20154572
2.50158954 11.93577003 2.20504665 5.24272394 0.84112507 0.47461754 8.16703033 2.83578515 15.08814335 3.19558430
2.47246575 11.77442360 2.18366241 5.14691019 0.83208424 0.45810282 8.13804913 2.83189631 15.04271221 3.18967938
2.44337368 11.61354923 2.16229725 5.05118370 0.82313663 0.44165295 8.10886478 2.82803607 14.99813557 3.18382740
2.41430330 11.45314312 2.14094067 4.95554304 0.81427211 0.42520261 8.07947540 2.82419443 14.95436192 3.17802358
2.38524723 11.29320621 2.11958289 4.85998821 0.80547959 0.40869004 8.04987812 2.82036257 14.91134453 3.17226458
2.35620189 11.13374233 2.09821534 4.76451921 0.79674721 0.39205855 8.02007294 2.81653094 14.86904049 3.16654491
2.32716513 10.97475529 2.07683039 4.66914034 0.78806269 0.37525737 7.99005985 2.81269193 14.82740974 3.16086149
2.29813552 10.81625175 2.05542231 4.57385206 0.77941298 0.35824147 7.95983982 2.80883789 14.78641987 3.15520930
2.26911426 10.65823841 2.03398633 4.47865725 0.77078474 0.34097230 7.92941523 2.80496240 14.74603176 3.14958525
2.24010110 10.50072002 2.01251936 4.38355827 0.76216400 0.32341751 7.89878893 2.80105996 14.70622158 3.14398623
2.21109700 10.34370327 1.99101996 4.28855753 0.75353688 0.30555105 7.86796331 2.79712510 14.66696072 3.13840914
2.18210244 10.18719101 1.96948850 4.19365788 0.74488968 0.28735316 7.83694363 2.79315400 14.62821674 3.13285136
2.15311790 10.03118801 1.94792783 4.09886265 0.73620981 0.26881051 7.80573273 2.78914332 14.58997250 3.12731123
2.12414360 9.87569427 1.92634380 4.00417709 0.72748566 0.24991612 7.77433681 2.78509068 14.55220222 3.12178779
2.09517932 9.72071552 1.90474486 3.90960884 0.71870810 0.23066886 7.74276161 2.78099442 14.51488686 3.11627960
2.06622505 9.56624985 1.88314211 3.81516838 0.70986998 0.21107315 7.71101379 2.77685475 14.47800636 3.11078596
2.03728080 9.41230297 1.86154914 3.72086835 0.70096725 0.19113821 7.67910004 2.77267146 14.44154263 3.10530710
2.00834703 9.25887680 1.83998191 3.62672687 0.69199866 0.17087708 7.64702749 2.76844597 14.40548325 3.09984303
1.97942555 9.10597706 1.81845760 3.53276396 0.68296564 0.15030554 7.61480713 2.76417994 14.36981201 3.09439492
1.95051825 8.95360947 1.79699504 3.43900204 0.67387229 0.12944086 7.58244753 2.75987673 14.33451176 3.08896351
1.92162883 8.80178452 1.77561378 3.34546828 0.66472483 0.10830033 7.54995871 2.75553942 14.29957199 3.08355069
1.89276171 8.65051079 1.75433397 3.25219083 0.65553105 0.08690005 7.51735115 2.75117207 14.26498222 3.07815886
1.86392248 8.49979973 1.73317599 3.15919876 0.64630020 0.06525339 7.48463440 2.74677944 14.23072910 3.07279038
1.83511746 8.34966183 1.71216142 3.06652403 0.63704258 0.04336892 7.45181656 2.74236822 14.19680309 3.06745052
1.80635369 8.20010471 1.69130945 2.97419739 0.62776864 0.02124716 7.41890574 2.73794389 14.16319370 3.06214213
1.77763796 8.05113888 1.67063737 2.88225245 0.61848736 0.00105422 7.38590860 2.73351169 14.12989521 3.05686879
1.74740851 7.90050173 1.64791059 2.78957534 0.60622633 0.00081702 7.35259199 2.72855878 14.09630680 3.05138302
1.71741796 7.75074673 1.62553763 2.69760919 0.59367442 0.00052773 7.31913280 2.72352839 14.06289959 3.04588318
1.68764293 7.60188627 1.60337865 2.60624433 0.58077759 0.00042401 7.28554869 2.71838474 14.02966499 3.04035187
1.65816808 7.45407772 1.58160138 2.51557446 0.56788999 0.00046518 7.25186205 2.71319199 13.99664402 3.03482223
1.62887514 7.30710125 1.56006491 2.42554903 0.55495918 0.00019556 7.21806717 2.70793295 13.96380424 3.02928329
1.59978461 7.16097689 1.53880978 2.33620501 0.54211640 0.00030339 7.18417788 2.70262790 13.93115902 3.02374744
1.57088256 7.01567316 1.51782513 2.24755931 0.52941781 0.00035523 7.15020466 2.69728637 13.89870262 3.01822042
1.54212320 6.87113285 1.49704719 2.15962315 0.51686966 0.00035996 7.11615515 2.69190574 13.86642647 3.01270103
1.51353097 6.72736597 1.47650290 2.07243609 0.50453675 0.00030051 7.08204222 2.68650055 13.83433247 3.00719690
1.48507953 6.58434391 1.45614624 1.98602057 0.49242580 0.00017840 7.04787445 2.68106914 13.80240822 3.00170732
1.45679140 6.44207382 1.43599570 1.90041697 0.48058954 0.00031367 7.01366663 2.67562151 13.77065945 2.99623704
1.42865050 6.30054140 1.41601646 1.81565320 0.46902779 0.00025023 6.97942829 2.67015815 13.73907280 2.99078727
1.40066934 6.15975142 1.39620578 1.73176515 0.45776913 0.00026862 6.94517565 2.66468239 13.70764351 2.98535872
1.37285674 6.01971149 1.37656248 1.64878964 0.44684085 0.00017118 6.91092396 2.65919852 13.67636776 2.97995400
1.34520543 5.88040924 1.35705495 1.56675458 0.43622595 0.00031917 6.87668419 2.65370560 13.64523792 2.97457290
1.31774938 5.74187803 1.33771801 1.48570251 0.42598554 0.00032238 6.84247780 2.64821005 13.61425209 2.96921754
1.29048264 5.60410833 1.31852353 1.40566170 0.41610521 0.00015164 6.80831957 2.64270973 13.58340168 2.96388698
1.26341224 5.46710587 1.29946673 1.32666385 0.40659180 0.00015891 6.77422428 2.63720560 13.55268288 2.95858145
1.23655009 5.33088017 1.28055608 1.24874270 0.39746329 0.00020779 6.74020863 2.63170075 13.52208805 2.95330310
1.20989943 5.19543505 1.26178741 1.17192888 0.38872504 0.00023544 6.70628405 2.62619591 13.49161434 2.94805193
1.18345773 5.06077003 1.24315202 1.09625149 0.38037318 0.00026884 6.67245913 2.62069106 13.46125698 2.94282794
1.15722334 4.92688417 1.22465098 1.02174139 0.37241682 0.00023296 6.63873959 2.61518860 13.43100548 2.93763304
1.13118875 4.79377794 1.20627451 0.94842714 0.36484593 0.00027924 6.60512638 2.60968828 13.40086174 2.93246794
1.10535479 4.66145229 1.18802810 0.87633973 0.35766530 0.00025128 6.57161856 2.60419273 13.37081623 2.92733407
1.07970405 4.52989960 1.16989255 0.80550838 0.35086253 0.00015151 6.53821182 2.59869957 13.34086323 2.92223048
1.05423403 4.39912081 1.15186703 0.73596442 0.34442574 0.00014886 6.50489807 2.59320974 13.31099701 2.91715908
1.02894342 4.26911831 1.13395154 0.66774154 0.33834535 0.00020593 6.47166967 2.58772254 13.28121090 2.91212010
1.00382781 4.13989067 1.11613536 0.60087407 0.33259991 0.00032066 6.43851805 2.58223581 13.25149632 2.90711308
0.97889447 4.01144838 1.09842455 0.53540176 0.32717916 0.00018861 6.40543365 2.57674956 13.22184467 2.90213847
0.95415866 3.88379979 1.08082414 0.47136766 0.32206443 0.00019381 6.37241364 2.57126021 13.19224739 2.89719462
0.92964673 3.75696087 1.06334555 0.40882021 0.31723654 0.00021916 6.33945608 2.56576490 13.16269493 2.89228058
0.90536886 3.63093376 1.04598141 0.34781325 0.31268066 0.00030003 6.30656528 2.56025696 13.13317871 2.88739204
0.88135958 3.50573492 1.02875614 0.28840992 0.30838126 0.00014377 6.27374411 2.55473757 13.10369492 2.88253021
0.85764521 3.38137770 1.01168191 0.23068373 0.30433694 0.00014771 6.24100065 2.54920435 13.07423782 2.87769318
0.83424664 3.25786996 0.99476272 0.17472014 0.30052009 0.00015577 6.20833969 2.54365540 13.04479694 2.87287951
0.81118655 3.13521957 0.97800654 0.12060276 0.29692084 0.00014554 6.17577028 2.53808784 13.01536942 2.86808729
0.78849661 3.01344585 0.96143544 0.06844274 0.29352626 0.00019930 6.14329720 2.53250313 12.98595047 2.86331749
0.76619452 2.89255905 0.94504744 0.01846793 0.29031858 0.00017310 6.11092997 2.52689695 12.95653629 2.85856652
0.74423647 2.77253842 0.92876369 0.00395627 0.28721353 0.00016421 6.07867098 2.52125716 12.92710781 2.85382915
0.72257650 2.65337873 0.91246521 0.00173623 0.28412473 0.00012844 6.04652023 2.51556349 12.89764309 2.84909368
0.70144254 2.53520703 0.89644712 0.00112408 0.28124973 0.00023455 6.01450205 2.50985456 12.86818027 2.84437799
0.68082458 2.41803002 0.88068944 0.00102274 0.27855274 0.00021840 5.98261595 2.50412488 12.83870602 2.83967876
0.66071177 2.30185723 0.86516839 0.00141766 0.27599850 0.00018644 5.95086718 2.49837017 12.80921650 2.83499289
0.64113325 2.18672228 0.84991813 0.00073521 0.27358645 0.00013932 5.91925955 2.49259329 12.77970886 2.83032155
0.62209934 2.07265639 0.83494461 0.00063085 0.27130720 0.00028757 5.88779879 2.48679423 12.75017929 2.82566309
0.60360801 1.95969069 0.82025588 0.00049606 0.26915169 0.00026811 5.85648680 2.48097324 12.72062874 2.82101750
0.58566833 1.84786701 0.80585974 0.00057040 0.26710701 0.00016163 5.82532358 2.47513103 12.69105053 2.81638384
0.56829047 1.73723102 0.79177046 0.00067957 0.26516804 0.00020819 5.79431248 2.46926856 12.66144562 2.81176186
0.55148745 1.62783527 0.77799487 0.00053613 0.26332650 0.00021066 5.76345396 2.46338487 12.63181019 2.80715036
0.53525352 1.51973259 0.76453215 0.00045426 0.26157063 0.00012676 5.73275042 2.45748043 12.60213947 2.80254912
0.51958203 1.41298306 0.75138628 0.00059311 0.25989959 0.00020583 5.70220041 2.45155644 12.57243156 2.79795742
0.50447851 1.30765843 0.73856539 0.00043386 0.25830498 0.00012430 5.67180538 2.44561362 12.54269028 2.79337454
0.48994225 1.20383549 0.72607034 0.00038841 0.25677896 0.00038588 5.64156342 2.43965173 12.51290607 2.78880024
0.47597790 1.10160351 0.71390569 0.00079935 0.25531864 0.00016594 5.61147690 2.43367004 12.48308277 2.78423285
0.46256891 1.00105894 0.70206827 0.00040579 0.25391662 0.00036356 5.58154392 2.42767072 12.45321274 2.77967358
0.44972008 0.90232170 0.69056505 0.00058221 0.25257486 0.00019822 5.55176544 2.42165422 12.42329979 2.77512074
0.43741727 0.80552667 0.67938715 0.00073310 0.25128081 0.00010665 5.52214098 2.41561937 12.39333725 2.77057409
0.42565775 0.71084315 0.66853821 0.00065409 0.25003552 0.00012928 5.49267006 2.40956688 12.36332798 2.76603270
0.41442695 0.61847991 0.65801662 0.00031258 0.24883932 0.00026929 5.46335316 2.40349936 12.33326721 2.76149750
0.40369809 0.52870405 0.64780843 0.00066518 0.24768360 0.00009475 5.43418694 2.39741564 12.30315495 2.75696707
0.39348289 0.44187722 0.63792503 0.00057506 0.24656953 0.00008729 5.40517092 2.39131689 12.27299023 2.75244212
0.38375714 0.35848600 0.62834936 0.00067609 0.24548811 0.00016813 5.37630415 2.38520169 12.24276733 2.74792075
0.37451917 0.27921700 0.61908579 0.00069302 0.24444078 0.00032694 5.34758663 2.37907147 12.21248913 2.74340367
0.36573684 0.20503758 0.61011666 0.00046134 0.24342592 0.00023539 5.31901693 2.37292576 12.18215179 2.73888969
0.35739177 0.13727748 0.60143721 0.00044443 0.24243993 0.00027186 5.29059410 2.36676598 12.15175629 2.73437929
0.34947616 0.07743438 0.59304446 0.00055904 0.24148345 0.00018003 5.26231575 2.36059284 12.12129974 2.72987247
0.34197259 0.02584004 0.58492649 0.00051789 0.24055022 0.00013419 5.23418093 2.35440469 12.09078121 2.72536802
0.33487254 0.00732699 0.57708293 0.00050228 0.23964447 0.00011618 5.20618868 2.34820414 12.06019783 2.72086692
0.32812440 0.00367180 0.56946200 0.00033786 0.23874244 0.00017661 5.17833614 2.34198499 12.02954483 2.71636581
0.32178384 0.00265092 0.56212342 0.00049705 0.23787530 0.00013809 5.15062571 2.33575463 11.99882793 2.71186781
0.31582353 0.00246846 0.55504960 0.00032407 0.23703590 0.00023826 5.12305737 2.32951283 11.96804333 2.70737243
0.31020275 0.00210332 0.54822367 0.00047898 0.23622414 0.00018255 5.09563065 2.32326007 11.93719196 2.70287919
0.30489790 0.00187151 0.54163897 0.00049196 0.23543857 0.00030271 5.06834459 2.31699800 11.90627384 2.69838929
0.29989010 0.00193960 0.53528744 0.00047587 0.23467761 0.00009521 5.04119492 2.31072712 11.87528706 2.69390202
0.29515526 0.00214180 0.52915519 0.00046304 0.23393661 0.00055009 5.01417971 2.30444694 11.84423161 2.68941784
0.29070270 0.00209950 0.52324885 0.00038550 0.23321828 0.00017174 4.98729753 2.29815722 11.81310558 2.68493581
0.28648967 0.00203617 0.51754218 0.00029963 0.23251532 0.00023975 4.96054554 2.29185772 11.78190613 2.68045568
0.28251457 0.00155634 0.51202929 0.00042697 0.23182501 0.00022749 4.93392181 2.28554678 11.75063038 2.67597675
0.27876866 0.00166538 0.50670922 0.00052026 0.23114975 0.00014557 4.90742683 2.27922606 11.71927738 2.67149973
0.27522710 0.00184796 0.50156379 0.00075290 0.23048557 0.00033827 4.88105917 2.27289414 11.68784904 2.66702294
0.27188331 0.00136455 0.49659464 0.00041432 0.22983822 0.00063897 4.85481834 2.26655316 11.65634155 2.66254735
0.26869294 0.00168663 0.49178302 0.00035781 0.22920758 0.00029363 4.82870340 2.26020455 11.62475681 2.65807390
0.26565495 0.00156636 0.48712572 0.00038666 0.22859256 0.00021549 4.80271053 2.25384736 11.59309483 2.65360212
0.26278085 0.00145258 0.48263246 0.00038230 0.22799680 0.00017670 4.77683973 2.24748445 11.56135273 2.64913344
0.26003334 0.00155368 0.47827187 0.00062677 0.22741050 0.00011569 4.75108814 2.24111199 11.52953053 2.64466500
0.25742105 0.00146690 0.47405156 0.00032223 0.22683811 0.00015291 4.72545671 2.23473144 11.49762535 2.64019775
0.25492039 0.00125936 0.46996146 0.00047759 0.22628045 0.00016761 4.69994307 2.22834396 11.46563721 2.63573241
0.25252402 0.00128933 0.46599880 0.00036767 0.22573829 0.00041178 4.67454576 2.22195077 11.43356705 2.63126922
0.25023952 0.00119235 0.46216187 0.00039019 0.22521128 0.00018902 4.64926434 2.21554995 11.40141392 2.62680697
0.24803713 0.00131785 0.45843309 0.00029246 0.22469540 0.00026953 4.62409735 2.20914268 11.36917400 2.62234664
0.24591954 0.00148680 0.45481628 0.00048283 0.22419579 0.00014757 4.59904385 2.20272970 11.33685112 2.61788750
0.24388051 0.00131583 0.45130733 0.00044237 0.22370978 0.00032612 4.57410240 2.19631195 11.30444241 2.61343098
0.24191166 0.00123632 0.44790152 0.00040990 0.22323905 0.00020194 4.54927206 2.18988895 11.27194786 2.60897636
0.24001017 0.00131111 0.44459277 0.00042309 0.22278021 0.00022414 4.52455091 2.18346095 11.23936558 2.60452342
0.23817407 0.00133969 0.44137844 0.00038538 0.22233520 0.00015378 4.49993896 2.17702770 11.20669556 2.60007215
0.23639731 0.00111258 0.43825591 0.00035619 0.22190398 0.00031262 4.47543430 2.17059064 11.17393970 2.59562373
0.23467211 0.00130875 0.43521932 0.00036481 0.22148663 0.00024863 4.45103598 2.16414928 11.14109135 2.59117651
0.23300032 0.00130772 0.43226379 0.00034552 0.22107989 0.00018210 4.42674351 2.15770316 11.10815430 2.58673143
0.23137635 0.00125552 0.42938989 0.00033537 0.22068712 0.00019519 4.40255547 2.15125370 11.07512665 2.58228850
0.22979881 0.00145194 0.42659396 0.00038196 0.22030689 0.00015702 4.37847233 2.14480114 11.04200745 2.57784796
0.22826697 0.00120139 0.42386955 0.00049903 0.21993674 0.00022213 4.35449219 2.13834333 11.00879669 2.57340860
0.22677545 0.00121773 0.42121872 0.00041209 0.21958101 0.00014115 4.33061504 2.13188386 10.97549438 2.56897187
0.22531539 0.00147071 0.41863224 0.00053054 0.21923596 0.00017006 4.30683994 2.12542152 10.94210052 2.56453753
0.22389434 0.00153963 0.41611162 0.00041288 0.21890187 0.00021287 4.28316641 2.11895633 10.90861225 2.56010532
0.22251178 0.00133048 0.41365644 0.00041489 0.21858001 0.00019269 4.25959396 2.11248875 10.87502956 2.55567503
0.22115579 0.00150628 0.41126183 0.00042117 0.21827167 0.00019985 4.23612165 2.10601997 10.84135532 2.55124760
0.21981686 0.00132697 0.40892586 0.00028984 0.21797904 0.00025009 4.21274853 2.09955239 10.80758667 2.54682422
0.21850027 0.00121539 0.40664488 0.00037099 0.21769722 0.00014815 4.18947268 2.09308457 10.77372646 2.54240346
0.21722449 0.00117786 0.40442187 0.00054462 0.21742463 0.00020435 4.16629267 2.08661366 10.73976898 2.53798461
0.21597312 0.00148451 0.40224662 0.00054288 0.21715987 0.00017108 4.14320946 2.08014059 10.70571423 2.53356791
0.21474873 0.00135496 0.40012398 0.00043148 0.21690600 0.00013422 4.12022209 2.07366753 10.67156410 2.52915454
0.21355681 0.00123556 0.39805138 0.00045935 0.21666193 0.00017763 4.09733057 2.06719303 10.63731480 2.52474284
0.21237758 0.00101069 0.39602137 0.00035320 0.21642888 0.00015008 4.07453346 2.06071949 10.60297012 2.52033472
0.21121326 0.00109412 0.39403975 0.00040282 0.21621132 0.00017846 4.05183077 2.05424833 10.56853008 2.51593018
0.21006510 0.00135156 0.39209679 0.00055926 0.21600160 0.00019435 4.02922010 2.04777765 10.53399181 2.51152897
0.20894691 0.00121497 0.39019981 0.00039647 0.21580124 0.00020320 4.00670195 2.04130697 10.49935627 2.50713038
0.20784810 0.00098193 0.38834164 0.00044702 0.21560873 0.00015252 3.98427486 2.03483677 10.46461964 2.50273466
0.20676930 0.00112512 0.38652295 0.00050145 0.21542674 0.00016939 3.96193933 2.02836800 10.42978382 2.49834204
0.20570724 0.00135658 0.38473800 0.00026405 0.21525189 0.00022332 3.93969393 2.02190018 10.39484978 2.49395251
0.20466685 0.00120150 0.38299403 0.00032755 0.21508907 0.00017031 3.91753960 2.01543498 10.35981464 2.48956585
0.20363675 0.00120171 0.38128302 0.00038980 0.21493571 0.00028162 3.89547396 2.00897288 10.32468128 2.48518372
0.20261768 0.00110968 0.37960428 0.00038984 0.21479274 0.00025183 3.87349725 2.00251389 10.28945065 2.48080492
0.20161700 0.00122744 0.37795845 0.00042495 0.21465757 0.00019116 3.85160780 1.99605763 10.25411797 2.47642970
0.20063329 0.00123919 0.37634534 0.00037021 0.21453169 0.00025962 3.82980490 1.98960459 10.21868515 2.47205806
0.19966869 0.00116931 0.37476149 0.00036178 0.21441258 0.00021099 3.80808854 1.98315334 10.18314838 2.46768928
0.19871159 0.00098241 0.37320617 0.00031669 0.21430282 0.00030544 3.78645825 1.97670746 10.14751244 2.46332479
0.19776273 0.00127425 0.37168160 0.00035401 0.21420473 0.00019380 3.76491284 1.97026801 10.11177826 2.45896482
0.19683136 0.00133830 0.37018070 0.00033450 0.21411116 0.00034719 3.74345064 1.96383011 10.07593918 2.45460796
0.19592200 0.00107498 0.36871070 0.00047824 0.21402496 0.00014382 3.72207212 1.95739698 10.03999805 2.45025468
0.19502296 0.00105344 0.36726418 0.00051887 0.21394686 0.00021823 3.70077658 1.95096862 10.00395489 2.44590521
0.19413361 0.00104282 0.36584121 0.00044434 0.21387698 0.00016621 3.67956352 1.94454622 9.96780872 2.44155979
0.19325596 0.00102407 0.36444223 0.00049965 0.21381465 0.00025402 3.65843177 1.93812978 9.93156147 2.43721890
0.19238962 0.00111183 0.36306745 0.00048817 0.21376097 0.00017662 3.63738084 1.93171978 9.89521217 2.43288183
0.19153477 0.00120787 0.36171538 0.00042405 0.21371470 0.00012885 3.61641002 1.92531693 9.85875893 2.42854905
0.19069125 0.00111438 0.36038357 0.00052570 0.21367489 0.00015010 3.59551835 1.91891968 9.82220364 2.42422056
