50.11525345 18.04777718 11.13986397 10.51540470 2.57831550 2.57831550 10.51540470 11.13986397 18.04777336 50.11525345
49.91614914 17.59441376 10.89124393 10.37796021 2.59847617 2.59460068 10.53320885 11.12412262 17.61886978 49.91626740
49.71744156 17.14571381 10.64590263 10.24122620 2.60657787 2.60037279 10.54063606 11.12056065 17.19115639 49.71818542
49.51917267 16.70196152 10.40394878 10.10531330 2.60777402 2.60118556 10.54170513 11.12003803 16.76698112 49.52083588
49.32135773 16.26287270 10.16522408 9.97023487 2.60787582 2.60120225 10.54175186 11.11992168 16.34779739 49.32418442
49.12399673 15.82816219 9.92957020 9.83597374 2.60780764 2.60108876 10.54163265 11.11985588 15.93363476 49.12823868
48.92708588 15.39760303 9.69685650 9.70251560 2.60770679 2.60094452 10.54147720 11.11979294 15.52435303 48.93301392
48.73064041 14.97102547 9.46698475 9.56984329 2.60759330 2.60078430 10.54130363 11.11972523 15.11983490 48.73850632
48.53464508 14.54829979 9.23988533 9.43794727 2.60747004 2.60061169 10.54111576 11.11965179 14.72000504 48.54471970
48.33911133 14.12932396 9.01551247 9.30681705 2.60733795 2.60042596 10.54091454 11.11957359 14.32481956 48.35165405
48.14403152 13.71401978 8.79383183 9.17643929 2.60719776 2.60022950 10.54070187 11.11948967 13.93426037 48.15930939
47.94940948 13.30231953 8.57481575 9.04680252 2.60704947 2.60002112 10.54047394 11.11940289 13.54833031 47.96769714
47.75524139 12.89417171 8.35844517 8.91788864 2.60689330 2.59980226 10.54023647 11.11931133 13.16705036 47.77680206
47.56153870 12.48953152 8.14470291 8.78968525 2.60672951 2.59957290 10.53998947 11.11921406 12.79045677 47.58663559
47.36829758 12.08835793 7.93357611 8.66217422 2.60655832 2.59933305 10.53973103 11.11911201 12.41859913 47.39719772
47.17551422 11.69061565 7.72505236 8.53534031 2.60637999 2.59908319 10.53945923 11.11900711 12.05154037 47.20848465
46.98320007 11.29627419 7.51912355 8.40916729 2.60619450 2.59882355 10.53917599 11.11889744 11.68935871 47.02049637
46.79135132 10.90530872 7.31578398 8.28363991 2.60600209 2.59855437 10.53888416 11.11878490 11.33214283 46.83324814
46.59996796 10.51769543 7.11502647 8.15874100 2.60580254 2.59827518 10.53857994 11.11866665 10.98000050 46.64671707
46.40905380 10.13341618 6.91684389 8.03445530 2.60559607 2.59798694 10.53826714 11.11854553 10.63305283 46.46091843
46.21860886 9.75245762 6.72122765 7.91077042 2.60538316 2.59768939 10.53794384 11.11841869 10.29144001 46.27585220
46.02863693 9.37480927 6.52817106 7.78767109 2.60516357 2.59738255 10.53760910 11.11828899 9.95532131 46.09151459
45.83913803 9.00046730 6.33766317 7.66514540 2.60493684 2.59706664 10.53726482 11.11815548 9.62487316 45.90790558
45.65011215 8.62943268 6.14969301 7.54317999 2.60470390 2.59674168 10.53691196 11.11801815 9.30030060 45.72502899
45.46156693 8.26171017 5.96424723 7.42176437 2.60446429 2.59640789 10.53654766 11.11787796 8.98182678 45.54288864
45.27349472 7.89730978 5.78131151 7.30088711 2.60421824 2.59606481 10.53617477 11.11773205 8.66970062 45.36148071
45.08589935 7.53625059 5.60087109 7.18053865 2.60396552 2.59571338 10.53579044 11.11758423 8.36419678 45.18080521
44.89878464 7.17855406 5.42290831 7.06070805 2.60370684 2.59535265 10.53539658 11.11743355 8.06562233 45.00086594
44.71215820 6.82424784 5.24740505 6.94138670 2.60344124 2.59498358 10.53499508 11.11727810 7.77430582 44.82165909
44.52601242 6.47336674 5.07434225 6.82256746 2.60316944 2.59460521 10.53458214 11.11711884 7.49061060 44.64318848
44.34035110 6.12595224 4.90370083 6.70424032 2.60289097 2.59421873 10.53416157 11.11695766 7.21492243 44.46545410
44.15517044 5.78205204 4.73545980 6.58639860 2.60260630 2.59382319 10.53373051 11.11679077 6.94765854 44.28845978
43.97048187 5.44172049 4.56959867 6.46903658 2.60231543 2.59341931 10.53328800 11.11662006 6.68926001 44.11219788
43.78628540 5.10502100 4.40609789 6.35214663 2.60201764 2.59300613 10.53283596 11.11644554 6.44018745 43.93667603
43.60257339 4.77202415 4.24493742 6.23572397 2.60171366 2.59258509 10.53237343 11.11626816 6.20091724 43.76189423
43.41935730 4.44281054 4.08609629 6.11976242 2.60140324 2.59215474 10.53190231 11.11608791 5.97193336 43.58785248
43.23663330 4.11747265 3.92955732 6.00425816 2.60108662 2.59171605 10.53142262 11.11590385 5.75371695 43.41455460
43.05440521 3.79610896 3.77529764 5.88920641 2.60076332 2.59126854 10.53093338 11.11571598 5.54672956 43.24198914
42.87266922 3.47885275 3.62329698 5.77460241 2.60043383 2.59081268 10.53043461 11.11552429 5.35140038 43.07017136
42.69143295 3.16584301 3.47355032 5.66044521 2.60009789 2.59034777 10.52992439 11.11533070 5.16810894 42.89909363
42.51069641 2.85724306 3.32604694 5.54673338 2.59975553 2.58987451 10.52940655 11.11513233 4.99716330 42.72875977
42.33045578 2.55324912 3.18077612 5.43346548 2.59940672 2.58939219 10.52887726 11.11493015 4.83877754 42.55916977
42.15072250 2.25409722 3.03772926 5.32064009 2.59905124 2.58890152 10.52833939 11.11472511 4.69305468 42.39032364
41.97148895 1.96007442 2.89689994 5.20825672 2.59868932 2.58840179 10.52779198 11.11451626 4.55997038 42.22222519
41.79276276 1.67153239 2.75828362 5.09631491 2.59832096 2.58789396 10.52723503 11.11430264 4.43935680 42.05487442
41.61454010 1.38892841 2.62187672 4.98481369 2.59794617 2.58737683 10.52666759 11.11408615 4.33090734 41.88826752
41.43682480 1.11285436 2.48769116 4.87375593 2.59756446 2.58685136 10.52609062 11.11386681 4.23417139 41.72241592
41.25962067 0.84411144 2.35573697 4.76314354 2.59717631 2.58631659 10.52550316 11.11364269 4.14857101 41.55730820
41.08292389 0.58389485 2.22602201 4.65297556 2.59678173 2.58577347 10.52490711 11.11341381 4.07341671 41.39295197
40.90673828 0.33424523 2.09857249 4.54325628 2.59638023 2.58522081 10.52430058 11.11318302 4.00793648 41.22934723
40.73106766 0.10041559 1.97341597 4.43398762 2.59597230 2.58465981 10.52368546 11.11294842 3.95130205 41.06649017
40.55590439 0.02465523 1.85058284 4.32517290 2.59555745 2.58408952 10.52305698 11.11271000 3.90265799 40.90438843
40.38126373 0.00666260 1.73011291 4.21681404 2.59513593 2.58351064 10.52241993 11.11246777 3.86114836 40.74304199
40.20713425 0.00362012 1.61205220 4.10891485 2.59470773 2.58292270 10.52177143 11.11222076 3.82594180 40.58245087
40.03352737 0.00282858 1.49645400 4.00147820 2.59427285 2.58232570 10.52111435 11.11197186 3.79624677 40.42261505
39.86043549 0.00271564 1.38338006 3.89450908 2.59383106 2.58171964 10.52044868 11.11171913 3.77133083 40.26353073
39.68786621 0.00227174 1.27290034 3.78801036 2.59338236 2.58110452 10.51977062 11.11146355 3.75052285 40.10520554
39.51581192 0.00192019 1.16509199 3.68198633 2.59292674 2.58048034 10.51908302 11.11120224 3.73322177 39.94763565
39.34429169 0.00169743 1.06003928 3.57644176 2.59246421 2.57984662 10.51838493 11.11093712 3.71889234 39.79082489
39.17328644 0.00237510 0.95783120 3.47138143 2.59199500 2.57920408 10.51767635 11.11066818 3.70706701 39.63477325
39.00280762 0.00123415 0.85855943 3.36681175 2.59151840 2.57855177 10.51695633 11.11039543 3.69734097 39.47948837
38.83285522 0.00168494 0.76231509 3.26273751 2.59103489 2.57789087 10.51622772 11.11011982 3.68936586 39.32495117
38.66342926 0.00167061 0.66918641 3.15916634 2.59054422 2.57721996 10.51548862 11.10983944 3.68284535 39.17118454
38.49453354 0.00134082 0.57925570 3.05610490 2.59004641 2.57653999 10.51473808 11.10955620 3.67752862 39.01818466
38.32616806 0.00128111 0.49260002 2.95356178 2.58954120 2.57585049 10.51397610 11.10926819 3.67320371 38.86594391
38.15832520 0.00144048 0.40929785 2.85154533 2.58902907 2.57515144 10.51320457 11.10897541 3.66969347 38.71446609
37.99101257 0.00136773 0.32944563 2.75006580 2.58850956 2.57444286 10.51242161 11.10867786 3.66685081 38.56375504
37.82423782 0.00108331 0.25319028 2.64913392 2.58798265 2.57372451 10.51162815 11.10837746 3.66455221 38.41381454
37.65799332 0.00134421 0.18079227 2.54876232 2.58744860 2.57299662 10.51082611 11.10807228 3.66269732 38.26463699
37.49228668 0.00152165 0.11273006 2.44896436 2.58690715 2.57225919 10.51001072 11.10776329 3.66120124 38.11623001
37.32711411 0.00108047 0.04991816 2.34975553 2.58635807 2.57151151 10.50918484 11.10745049 3.65999460 37.96858978
37.16247177 0.00111249 0.00658421 2.25115252 2.58580112 2.57075453 10.50834560 11.10713387 3.65902281 37.82172394
36.99837112 0.00162823 0.00453397 2.15317392 2.58523703 2.56998730 10.50749683 11.10681438 3.65823960 37.67562485
36.83480453 0.00088228 0.00236047 2.05584049 2.58466554 2.56921005 10.50663662 11.10649014 3.65760708 37.53029633
36.67177963 0.00108658 0.00176626 1.95917523 2.58408618 2.56842303 10.50576496 11.10616207 3.65709591 37.38573456
36.50928879 0.00131302 0.00145977 1.86320353 2.58349872 2.56762576 10.50488186 11.10582733 3.65668154 37.24195480
36.34733963 0.00111896 0.00169390 1.76795352 2.58290410 2.56681848 10.50398827 11.10549068 3.65634418 37.09894943
36.18592453 0.00078864 0.00148050 1.67345560 2.58230138 2.56600118 10.50308323 11.10514927 3.65606737 36.95671463
36.02505875 0.00101139 0.00114309 1.57974374 2.58169079 2.56517315 10.50216675 11.10480309 3.65583777 36.81525040
35.86473083 0.00111481 0.00126577 1.48685479 2.58107233 2.56433511 10.50123596 11.10445499 3.65564609 36.67456818
35.70494461 0.00099618 0.00186697 1.39482915 2.58044553 2.56348681 10.50029469 11.10410023 3.65548325 36.53466415
35.54570389 0.00174081 0.00107073 1.30371118 2.57981086 2.56262755 10.49934196 11.10374165 3.65534282 36.39554214
35.38700485 0.00108383 0.00122138 1.21354890 2.57916832 2.56175804 10.49837780 11.10337830 3.65522003 36.25719070
35.22884369 0.00128091 0.00117192 1.12439477 2.57851720 2.56087804 10.49740124 11.10301208 3.65511084 36.11962128
35.07123566 0.00088190 0.00097008 1.03630650 2.57785821 2.55998707 10.49641418 11.10264111 3.65501189 35.98283768
34.91416550 0.00130383 0.00094093 0.94934690 2.57719064 2.55908561 10.49541378 11.10226440 3.65492105 35.84682846
34.75764465 0.00113779 0.00102147 0.86358726 2.57629585 2.55805349 10.49348640 11.10153866 3.66027069 35.71526718
34.60166931 0.00111360 0.20969144 0.79060411 2.56403780 2.58382869 10.45736599 11.06752205 3.69200921 35.61439514
34.44623566 0.00089639 0.13533020 0.71484369 2.56534910 2.61751390 10.42749310 10.97041893 3.72770929 35.52202225
34.29135895 0.00085915 0.02408756 0.63434798 2.57650900 2.64840150 10.41884422 10.90309525 3.77539110 35.44709396
34.13702393 0.00098727 0.00582046 0.55111271 2.57964444 2.65532827 10.41835880 10.89020348 3.79738688 35.37965775
33.98323059 0.00118034 0.02229219 0.47499946 2.58723855 2.67001820 10.42264462 10.85590744 3.87993765 35.36297226
33.82999420 0.00077668 0.00519729 0.40442529 2.60540223 2.69714165 10.44007778 10.81238842 4.04878616 35.43664932
33.67729187 0.00117115 0.00364120 0.32794726 2.60634279 2.69965553 10.44102287 10.80715084 4.15061331 35.44654846
33.52514648 0.00111821 0.00100745 0.25478157 2.60652256 2.69998050 10.44091129 10.80614758 4.17212057 35.44570923
33.37355423 0.00103943 0.00089283 0.18489295 2.60664034 2.70010996 10.44085121 10.80584812 4.17568827 35.44449615
33.22249985 0.00100975 0.00089687 0.11855675 2.60666633 2.70009041 10.44082546 10.80575752 4.17650890 35.44361877
33.07200241 0.00136894 0.00069842 0.05714661 2.60663486 2.69998240 10.44080639 10.80574799 4.17686367 35.44312286
32.92205048 0.00093353 0.00108169 0.00539924 2.60660410 2.69987321 10.44078541 10.80573750 4.17711067 35.44304657
32.77264786 0.00097214 0.00075637 0.00316808 2.60657978 2.69977307 10.44076061 10.80571747 4.17730045 35.44326782
32.62379456 0.00118597 0.00053454 0.00214273 2.60655618 2.69967222 10.44073296 10.80569553 4.17744160 35.44363785
32.47549057 0.00116436 0.00067971 0.00093486 2.60653067 2.69956779 10.44070339 10.80567360 4.17753935 35.44408035
32.32773590 0.00126815 0.00066113 0.00100349 2.60650468 2.69946146 10.44067287 10.80565166 4.17760038 35.44456100
32.18052673 0.00105381 0.00077966 0.00089920 2.60647798 2.69935322 10.44063950 10.80562878 4.17762947 35.44503784
32.03387070 0.00062514 0.00052376 0.00050753 2.60645103 2.69924307 10.44060612 10.80560589 4.17763329 35.44549179
31.88776779 0.00101694 0.00061285 0.00147630 2.60642362 2.69913173 10.44057083 10.80558300 4.17761469 35.44591522
31.74220276 0.00077299 0.00091239 0.00091309 2.60639524 2.69901824 10.44053364 10.80555820 4.17757607 35.44630432
31.59719276 0.00131831 0.00086332 0.00035343 2.60636687 2.69890332 10.44049549 10.80553341 4.17751980 35.44664764
31.45272255 0.00093761 0.00079055 0.00056561 2.60633779 2.69878697 10.44045544 10.80550766 4.17744923 35.44695282
31.30880928 0.00155271 0.00080323 0.00054860 2.60630798 2.69866872 10.44041634 10.80548191 4.17736578 35.44721603
31.16544151 0.00089782 0.00053094 0.00070985 2.60627818 2.69854903 10.44037533 10.80545521 4.17727137 35.44744110
31.02262115 0.00118384 0.00048751 0.00053905 2.60624814 2.69842768 10.44033432 10.80542946 4.17716694 35.44763184
30.88035011 0.00109303 0.00096482 0.00053840 2.60621738 2.69830465 10.44029140 10.80540180 4.17705345 35.44778442
30.73862839 0.00198772 0.00077988 0.00046459 2.60618615 2.69818044 10.44024754 10.80537510 4.17693233 35.44791031
30.59745026 0.00118541 0.00072108 0.00071330 2.60615468 2.69805479 10.44020367 10.80534744 4.17680359 35.44800949
30.45681572 0.00170331 0.00060339 0.00033692 2.60612249 2.69792724 10.44015884 10.80531883 4.17666864 35.44808578
30.31672859 0.00084941 0.00049786 0.00025434 2.60609007 2.69779849 10.44011402 10.80529022 4.17652893 35.44813919
30.17718124 0.00104057 0.00080033 0.00055917 2.60605741 2.69766808 10.44006824 10.80526161 4.17638445 35.44817734
30.03817940 0.00093545 0.00059016 0.00065424 2.60602403 2.69753623 10.44002151 10.80523205 4.17623568 35.44820023
29.89971924 0.00090622 0.00059417 0.00044682 2.60599065 2.69740295 10.43997478 10.80520248 4.17608213 35.44820404
29.76181030 0.00168857 0.00051643 0.00061774 2.60595679 2.69726801 10.43992615 10.80517292 4.17592621 35.44819641
29.62443924 0.00135692 0.00048393 0.00043113 2.60592270 2.69713163 10.43987846 10.80514240 4.17576599 35.44817352
29.48760986 0.00106320 0.00046726 0.00044064 2.60588813 2.69699359 10.43982887 10.80511189 4.17560291 35.44814682
29.35132599 0.00120509 0.00080479 0.00102556 2.60585284 2.69685411 10.43977928 10.80508137 4.17543697 35.44810867
29.21557999 0.00097813 0.00071921 0.00046989 2.60581756 2.69671321 10.43972874 10.80504894 4.17526674 35.44806290
29.08037376 0.00163789 0.00051196 0.00033067 2.60578179 2.69657040 10.43967724 10.80501747 4.17509460 35.44801331
28.94570732 0.00100269 0.00054005 0.00038725 2.60574555 2.69642591 10.43962574 10.80498505 4.17492056 35.44795990
28.81157684 0.00108159 0.00098526 0.00054096 2.60570884 2.69628048 10.43957424 10.80495262 4.17474365 35.44789886
28.67797661 0.00114740 0.00051918 0.00025847 2.60567188 2.69613290 10.43952084 10.80492020 4.17456484 35.44783783
28.54491997 0.00104221 0.00047290 0.00048379 2.60563445 2.69598413 10.43946743 10.80488586 4.17438316 35.44776917
28.41239548 0.00132142 0.00084812 0.00047667 2.60559678 2.69583368 10.43941307 10.80485344 4.17419958 35.44770050
28.28039932 0.00137199 0.00079320 0.00035983 2.60555840 2.69568157 10.43935871 10.80481911 4.17401457 35.44762802
28.14893913 0.00113203 0.00052966 0.00095729 2.60551977 2.69552779 10.43930340 10.80478477 4.17382717 35.44755554
28.01801300 0.00075611 0.00066728 0.00052274 2.60548067 2.69537258 10.43924809 10.80474949 4.17363834 35.44747925
27.88761520 0.00093624 0.00060261 0.00037705 2.60544109 2.69521523 10.43919086 10.80471420 4.17344666 35.44739914
27.75774384 0.00104348 0.00070843 0.00039202 2.60540128 2.69505644 10.43913460 10.80467892 4.17325258 35.44731903
27.62840080 0.00084740 0.00049139 0.00037473 2.60536098 2.69489598 10.43907738 10.80464268 4.17305708 35.44723511
27.49958611 0.00106758 0.00048026 0.00097483 2.60531998 2.69473386 10.43901920 10.80460548 4.17285919 35.44715500
27.37129784 0.00121285 0.00079925 0.00020197 2.60527873 2.69456983 10.43896008 10.80456924 4.17266035 35.44707108
27.24353218 0.00120485 0.00093788 0.00044257 2.60523725 2.69440413 10.43889999 10.80453110 4.17245960 35.44698715
27.11628342 0.00082661 0.00055946 0.00029121 2.60519552 2.69423676 10.43883991 10.80449390 4.17225647 35.44690323
26.98955345 0.00115368 0.00082157 0.00043224 2.60515332 2.69406748 10.43877983 10.80445576 4.17205191 35.44681549
26.86335182 0.00116146 0.00054075 0.00025701 2.60511041 2.69389629 10.43871784 10.80441666 4.17184496 35.44672775
26.73766327 0.00100113 0.00093120 0.00047051 2.60506701 2.69372392 10.43865585 10.80437851 4.17163658 35.44664001
26.61249352 0.00099979 0.00046794 0.00034870 2.60502315 2.69354892 10.43859291 10.80433846 4.17142630 35.44654846
26.48783302 0.00122239 0.00059920 0.00032434 2.60497856 2.69337249 10.43852997 10.80429840 4.17121410 35.44646072
26.36368370 0.00124980 0.00072141 0.00035736 2.60493422 2.69319391 10.43846512 10.80425835 4.17099905 35.44636536
26.24005127 0.00095967 0.00075790 0.00040446 2.60488915 2.69301391 10.43840027 10.80421829 4.17078304 35.44627762
26.11692619 0.00109275 0.00065681 0.00034828 2.60484362 2.69283175 10.43833542 10.80417728 4.17056561 35.44618607
25.99430847 0.00101299 0.00062565 0.00065850 2.60479760 2.69264770 10.43826962 10.80413532 4.17034483 35.44608688
25.87219048 0.00116149 0.00054432 0.00063838 2.60475087 2.69246197 10.43820190 10.80409336 4.17012262 35.44599533
25.75058174 0.00101267 0.00045268 0.00041046 2.60470390 2.69227409 10.43813515 10.80405140 4.16989803 35.44589615
25.62947655 0.00152836 0.00047325 0.00044377 2.60465646 2.69208407 10.43806648 10.80400753 4.16967201 35.44580078
25.50887108 0.00102308 0.00069404 0.00031813 2.60460830 2.69189239 10.43799782 10.80396461 4.16944408 35.44569778
25.38876534 0.00077499 0.00082592 0.00034127 2.60455918 2.69169831 10.43792820 10.80392075 4.16921377 35.44560242
25.26915359 0.00104731 0.00083519 0.00045130 2.60451031 2.69150257 10.43785763 10.80387592 4.16898155 35.44549942
25.15003395 0.00067845 0.00084252 0.00033186 2.60446048 2.69130492 10.43778610 10.80383110 4.16874647 35.44540024
25.03140640 0.00119870 0.00064105 0.00023780 2.60441041 2.69110489 10.43771458 10.80378628 4.16850948 35.44529724
24.91326714 0.00112764 0.00095189 0.00055237 2.60435963 2.69090271 10.43764210 10.80373955 4.16827011 35.44519424
24.79561234 0.00087207 0.00090578 0.00045154 2.60430837 2.69069815 10.43756866 10.80369377 4.16802883 35.44508743
24.67844582 0.00111863 0.00051999 0.00031169 2.60425663 2.69049168 10.43749428 10.80364704 4.16778517 35.44498062
24.56176186 0.00097657 0.00092186 0.00018131 2.60420442 2.69028330 10.43741894 10.80360031 4.16753864 35.44487381
24.44556427 0.00112757 0.00065082 0.00040421 2.60415125 2.69007230 10.43734264 10.80355358 4.16728973 35.44476318
24.32983971 0.00089817 0.00056974 0.00025996 2.60409784 2.68985939 10.43726635 10.80350494 4.16703892 35.44465637
24.21459961 0.00073697 0.00065789 0.00032594 2.60404396 2.68964410 10.43718815 10.80345631 4.16678476 35.44454575
24.09983063 0.00121491 0.00087373 0.00048491 2.60398936 2.68942642 10.43711090 10.80340767 4.16652775 35.44443512
23.98553467 0.00083349 0.00087667 0.00043306 2.60393429 2.68920660 10.43703175 10.80335808 4.16626930 35.44432068
23.87170982 0.00077512 0.00064552 0.00036588 2.60387826 2.68898416 10.43695259 10.80330753 4.16600895 35.44420624
23.75835228 0.00078717 0.00049076 0.00048148 2.60382199 2.68875980 10.43687153 10.80325699 4.16574526 35.44409180
23.64546013 0.00102555 0.00051620 0.00039353 2.60376477 2.68853331 10.43679142 10.80320644 4.16547966 35.44397354
23.53302956 0.00113234 0.00085475 0.00042002 2.60370731 2.68830371 10.43670940 10.80315495 4.16521072 35.44385529
23.42105865 0.00095093 0.00075670 0.00032229 2.60364914 2.68807220 10.43662548 10.80310249 4.16493940 35.44373703
23.30954742 0.00110638 0.00088602 0.00048050 2.60359025 2.68783832 10.43654251 10.80305004 4.16466522 35.44361496
23.19849014 0.00117333 0.00056612 0.00020821 2.60353065 2.68760204 10.43645763 10.80299759 4.16438866 35.44349289
23.08788300 0.00097316 0.00054992 0.00035651 2.60347056 2.68736291 10.43637180 10.80294418 4.16410971 35.44336700
22.97772789 0.00117865 0.00069047 0.00036660 2.60340977 2.68712139 10.43628597 10.80288982 4.16382980 35.44324493
22.86801910 0.00122580 0.00075796 0.00035332 2.60334802 2.68687725 10.43619919 10.80283546 4.16354513 35.44311523
22.75875473 0.00108515 0.00060812 0.00046495 2.60328627 2.68663096 10.43611050 10.80278015 4.16325903 35.44298553
22.64992905 0.00114599 0.00133104 0.00038308 2.60322356 2.68638182 10.43602085 10.80272484 4.16297007 35.44285965
22.54154396 0.00134979 0.00108661 0.00049572 2.60316014 2.68613029 10.43593025 10.80266857 4.16267824 35.44272614
22.43359375 0.00108274 0.00094404 0.00046622 2.60309625 2.68587613 10.43583965 10.80261230 4.16238403 35.44259262
22.32607651 0.00108989 0.00075086 0.00030126 2.60303140 2.68561935 10.43574810 10.80255413 4.16208744 35.44245911
22.21898842 0.00147116 0.00061640 0.00047177 2.60296583 2.68535995 10.43565464 10.80249596 4.16178751 35.44232178
22.11233711 0.00095268 0.00046206 0.00030888 2.60289979 2.68509769 10.43556118 10.80243778 4.16148472 35.44218445
22.00610733 0.00109765 0.00132352 0.00031525 2.60283303 2.68483281 10.43546677 10.80237865 4.16117907 35.44204330
21.90029907 0.00118113 0.00080164 0.00030175 2.60276580 2.68456507 10.43537045 10.80231857 4.16087055 35.44190216
21.79491043 0.00092826 0.00062647 0.00058590 2.60269737 2.68429470 10.43527317 10.80225945 4.16055918 35.44176102
21.68993378 0.00093901 0.00059561 0.00026448 2.60262847 2.68402147 10.43517590 10.80219841 4.16024446 35.44161606
21.58537102 0.00125290 0.00056144 0.00044108 2.60255909 2.68374538 10.43507671 10.80213642 4.15992785 35.44147110
21.48121834 0.00108183 0.00077315 0.00041118 2.60248876 2.68346691 10.43497753 10.80207443 4.15960741 35.44132614
21.37747192 0.00094486 0.00063565 0.00043212 2.60241747 2.68318510 10.43487644 10.80201054 4.15928555 35.44117737
21.27412605 0.00146315 0.00081829 0.00032177 2.60234571 2.68290043 10.43477535 10.80194855 4.15895987 35.44102478
21.17117882 0.00123660 0.00048900 0.00039775 2.60227299 2.68261313 10.43467236 10.80188465 4.15863085 35.44087219
21.06863213 0.00121128 0.00051547 0.00027077 2.60219979 2.68232226 10.43456841 10.80181885 4.15829945 35.44071960
20.96648979 0.00114108 0.00079293 0.00034608 2.60212588 2.68202901 10.43446350 10.80175400 4.15796423 35.44056702
20.86474037 0.00114347 0.00130935 0.00012923 2.60205102 2.68173265 10.43435764 10.80168819 4.15762615 35.44041061
20.76337814 0.00114640 0.00095943 0.00021945 2.60197568 2.68143344 10.43425083 10.80162144 4.15728569 35.44025040
20.66240120 0.00098196 0.00057508 0.00044470 2.60189939 2.68113089 10.43414211 10.80155468 4.15694189 35.44009018
20.56180573 0.00082118 0.00064116 0.00047411 2.60182214 2.68082547 10.43403339 10.80148602 4.15659475 35.43992996
20.46158409 0.00100019 0.00080402 0.00026070 2.60174441 2.68051672 10.43392277 10.80141735 4.15624428 35.43976974
