3.52412200 17.69230461 2.85251904 9.24987507 1.36629689 1.36629689 9.24987507 2.85251880 17.69230461 3.52412200
3.48170304 17.43876839 2.79104233 9.13267517 1.33242083 1.36652195 9.23707008 2.83067036 17.67788124 3.48207545
3.44072986 17.17411613 2.74404454 9.01789856 1.31619596 1.36163020 9.23359585 2.82969451 17.63470459 3.48223352
3.36553478 16.85371208 2.65435624 8.90255928 1.27616012 1.33161902 9.22970676 2.82872677 17.57871628 3.47887802
3.28023458 16.52409172 2.55584693 8.78604412 1.22609675 1.28426242 9.22430992 2.82774496 17.52557755 3.47081542
3.19284964 16.19860268 2.46613026 8.66980076 1.17743075 1.23885417 9.21757793 2.82618189 17.47230339 3.46033573
3.10687208 15.88013935 2.39234209 8.55503464 1.13268805 1.19646370 9.21012592 2.82461095 17.41756630 3.45152974
3.02250051 15.56338787 2.32598209 8.44141960 1.09180737 1.15631282 9.20191860 2.82297015 17.36290550 3.44306588
2.93816733 15.24419785 2.26170826 8.32828999 1.05348742 1.11716580 9.19299507 2.82115006 17.30914307 3.43461990
2.85258460 14.92171288 2.19951725 8.21549988 1.01787603 1.07902932 9.18346119 2.81931233 17.25703239 3.42631841
2.76592302 14.59656429 2.13966799 8.10309696 0.98553413 1.04204893 9.17339134 2.81753898 17.20707321 3.41826582
2.67913508 14.26992416 2.08289099 7.99122143 0.95723969 1.00629091 9.16279984 2.81581879 17.15932465 3.41051984
2.59324861 13.94310188 2.03062010 7.88009119 0.93406510 0.97197068 9.15169048 2.81415915 17.11351585 3.40320826
2.50931454 13.61717129 1.98369133 7.76989937 0.91694611 0.93950444 9.14006329 2.81258965 17.06919289 3.39663100
2.42870831 13.29299068 1.94056034 7.66082048 0.90647173 0.90948820 9.12790394 2.81115198 17.02567101 3.39148712
2.35420537 12.97336864 1.90209317 7.55333424 0.90337032 0.88283998 9.11516857 2.80990720 16.98227882 3.38883638
2.28854752 12.66157436 1.88954628 7.44898796 0.91082984 0.86143190 9.10199547 2.80919313 16.94281197 3.38846326
2.22733045 12.34748650 1.89842999 7.34587717 0.93162900 0.84624481 9.08857918 2.80930114 16.90876389 3.38919330
2.16574550 12.01820850 1.88789654 7.24077654 0.95797819 0.83570999 9.07471657 2.80999565 16.87603760 3.39180517
2.09399867 11.66639233 1.84193957 7.13040018 0.97384703 0.82310092 9.06110287 2.81144810 16.84429359 3.39424253
2.00844407 11.29644871 1.75877476 7.01367617 0.96566689 0.79994142 9.04813862 2.81318283 16.81291008 3.39362097
1.91552365 10.92720032 1.67023778 6.89514971 0.94295979 0.76941830 9.03520107 2.81476641 16.78091621 3.39196014
1.82855868 10.57086945 1.59861302 6.77915239 0.92252499 0.73904592 9.02217388 2.81666183 16.74915504 3.39075661
1.74562681 10.22381401 1.53882504 6.66505003 0.90395695 0.70860934 9.00900459 2.81880879 16.71764374 3.38977075
1.66586423 9.88304520 1.48398495 6.55187607 0.88498342 0.67705339 8.99563503 2.82104015 16.68612289 3.38871360
1.58999741 9.54755974 1.43363678 6.43943453 0.86524552 0.64424080 8.98203182 2.82327557 16.65446281 3.38752913
1.52016842 9.21577835 1.38499248 6.32732344 0.84365702 0.60954261 8.96819019 2.82541251 16.62264061 3.38590980
1.45661104 8.88689041 1.33616436 6.21540833 0.82038045 0.57294595 8.95408154 2.82739234 16.59066963 3.38388109
1.39609885 8.55977631 1.28917944 6.10377169 0.79607284 0.53500795 8.93961906 2.82915974 16.55841446 3.38182855
1.33835411 8.23396301 1.24402034 5.99238157 0.77104181 0.49587041 8.92483807 2.83075738 16.52610588 3.37963605
1.28316391 7.91005754 1.20200956 5.88136435 0.74627203 0.45606193 8.90974045 2.83223438 16.49383926 3.37739587
1.23019731 7.58798742 1.16279137 5.77069950 0.72217339 0.41583985 8.89434719 2.83362770 16.46169281 3.37510753
1.17934716 7.26785755 1.12621760 5.66039658 0.69914013 0.37544930 8.87867069 2.83496618 16.42969513 3.37278080
1.13052940 6.94973373 1.09200037 5.55045557 0.67737561 0.33504650 8.86272335 2.83626699 16.39785767 3.37041855
1.08366001 6.63367653 1.05986381 5.44087744 0.65696216 0.29473507 8.84651184 2.83753967 16.36617279 3.36801863
1.03861928 6.31975985 1.02956569 5.33166647 0.63790542 0.25459132 8.83004189 2.83878803 16.33464432 3.36557603
0.99518245 6.00806665 1.00090218 5.22282791 0.62013769 0.21467637 8.81331921 2.84001255 16.30325890 3.36308479
0.95305914 5.69871378 0.97377205 5.11436939 0.60354000 0.17505646 8.79634571 2.84121037 16.27200508 3.36053848
0.91215014 5.39186907 0.94815499 5.00630426 0.58799177 0.13582085 8.77912331 2.84237766 16.24086761 3.35793447
0.87266302 5.08772755 0.92396766 4.89864111 0.57336646 0.09707462 8.76165295 2.84350944 16.20983887 3.35526395
0.83470589 4.78647375 0.90108514 4.79137611 0.55947483 0.05894297 8.74393368 2.84459472 16.17889786 3.35251355
0.79836237 4.48831367 0.87944305 4.68451262 0.54617643 0.02162877 8.72596931 2.84562445 16.14804268 3.34967041
0.76357073 4.19340944 0.85850638 4.57802296 0.53308487 0.00323070 8.70775890 2.84657431 16.11726379 3.34669161
0.72855228 3.90158153 0.83514875 4.47168016 0.51754808 0.00087710 8.68926048 2.84728408 16.08647346 3.34332967
0.69751620 3.61411810 0.81532681 4.36589956 0.50229144 0.00043911 8.67051029 2.84788346 16.05573273 3.33983207
0.66931981 3.33101726 0.79738808 4.26059866 0.48741269 0.00038606 8.65151405 2.84836626 16.02504158 3.33619308
0.64340764 3.05250645 0.78086078 4.15578127 0.47332996 0.00039928 8.63228321 2.84875393 15.99442768 3.33244228
0.61949778 2.77892947 0.76557022 4.05146313 0.46021697 0.00040660 8.61282635 2.84906149 15.96389580 3.32861042
0.59735495 2.51071262 0.75131023 3.94764733 0.44800368 0.00035810 8.59314442 2.84928823 15.93345356 3.32470608
0.57681292 2.24838614 0.73794955 3.84434175 0.43663812 0.00040540 8.57324505 2.84943628 15.90309811 3.32073379
0.55774349 1.99258637 0.72538030 3.74155879 0.42609507 0.00036083 8.55313301 2.84951043 15.87283897 3.31670284
0.53997916 1.74409437 0.71350390 3.63930750 0.41626459 0.00038600 8.53281116 2.84950852 15.84267139 3.31261897
0.52346677 1.50388956 0.70224953 3.53759909 0.40710959 0.00041509 8.51228428 2.84943390 15.81260204 3.30848527
0.50806278 1.27319729 0.69155180 3.43644190 0.39853251 0.00037943 8.49155617 2.84928513 15.78262615 3.30430675
0.49368429 1.05357766 0.68134803 3.33584666 0.39049193 0.00041609 8.47063065 2.84906387 15.75274754 3.30008578
0.48027709 0.84702390 0.67160100 3.23582363 0.38294902 0.00046149 8.44951344 2.84877133 15.72297096 3.29582763
0.46771345 0.65605807 0.66222823 3.13637805 0.37581131 0.00035250 8.42820454 2.84840608 15.69328594 3.29153347
0.45597804 0.48375592 0.65321660 3.03752232 0.36909187 0.00038852 8.40671253 2.84797287 15.66370201 3.28720737
0.44498149 0.33342487 0.64451474 2.93926144 0.36271089 0.00048145 8.38503838 2.84746909 15.63421154 3.28285217
0.43466014 0.20757498 0.63606644 2.84160233 0.35664979 0.00037046 8.36318588 2.84689617 15.60481834 3.27846837
0.42494446 0.10631825 0.62785780 2.74455190 0.35086942 0.00043745 8.34115791 2.84625506 15.57551765 3.27405906
0.41578531 0.02778553 0.61987901 2.64811802 0.34536952 0.00036643 8.31896019 2.84554791 15.54631042 3.26962638
0.40713665 0.00819392 0.61214745 2.55230808 0.34013629 0.00040502 8.29659557 2.84477806 15.51719856 3.26517200
0.39896011 0.00445777 0.60463643 2.45712614 0.33513209 0.00050448 8.27406788 2.84394336 15.48817921 3.26069617
0.39127842 0.00418390 0.59738964 2.36257958 0.33035272 0.00035474 8.25137997 2.84304643 15.45924950 3.25620151
0.38405347 0.00371397 0.59038603 2.26867270 0.32578328 0.00041188 8.22853565 2.84208941 15.43040752 3.25169015
0.37724027 0.00337867 0.58360732 2.17540979 0.32142121 0.00030575 8.20553970 2.84107351 15.40165424 3.24716330
0.37079495 0.00267134 0.57703972 2.08279562 0.31724861 0.00034977 8.18239594 2.84000039 15.37298679 3.24262333
0.36469033 0.00240240 0.57067412 1.99083436 0.31326109 0.00037254 8.15910435 2.83887267 15.34440422 3.23807192
0.35891140 0.00221431 0.56448841 1.89952838 0.30942711 0.00027977 8.13566780 2.83768845 15.31590271 3.23350883
0.35343444 0.00211381 0.55847561 1.80888069 0.30572551 0.00031287 8.11208916 2.83644700 15.28747749 3.22893381
0.34823802 0.00241945 0.55263227 1.71889615 0.30216089 0.00032019 8.08837128 2.83515096 15.25912666 3.22434831
0.34329617 0.00225818 0.54694676 1.62957942 0.29873189 0.00029660 8.06451702 2.83380198 15.23085213 3.21975422
0.33858737 0.00196719 0.54140514 1.54093444 0.29542372 0.00030293 8.04052734 2.83239985 15.20265007 3.21515274
0.33409670 0.00225937 0.53600454 1.45296550 0.29222509 0.00029773 8.01640606 2.83094525 15.17451572 3.21054387
0.32981262 0.00203171 0.53073817 1.36567855 0.28914130 0.00029544 7.99215508 2.82943988 15.14644814 3.20592880
0.32571462 0.00219380 0.52559686 1.27907836 0.28615442 0.00030586 7.96777582 2.82788324 15.11844540 3.20130825
0.32179230 0.00219319 0.52057767 1.19317138 0.28326747 0.00030627 7.94327116 2.82627654 15.09050655 3.19668269
0.31803051 0.00206366 0.51567328 1.10796404 0.28047296 0.00031616 7.91864252 2.82462072 15.06262684 3.19205356
0.31441832 0.00204657 0.51087970 1.02346373 0.27776513 0.00034244 7.89389181 2.82291651 15.03480244 3.18742085
0.31094873 0.00199096 0.50619256 0.93967873 0.27514231 0.00033280 7.86902189 2.82116365 15.00703716 3.18278599
0.30760539 0.00220636 0.50160939 0.85661864 0.27260044 0.00033098 7.84403324 2.81936407 14.97932529 3.17814898
0.30438256 0.00211184 0.49712050 0.77429473 0.27013788 0.00030139 7.81892872 2.81751823 14.95166492 3.17351174
0.30128524 0.00177362 0.49272862 0.69272059 0.26774174 0.00033477 7.79370928 2.81562448 14.92405510 3.16887283
0.29829165 0.00175024 0.48842868 0.61191428 0.26541489 0.00021907 7.76837730 2.81368494 14.89649296 3.16423368
0.29538718 0.00192046 0.48421127 0.53189951 0.26315734 0.00023324 7.74293470 2.81170106 14.86897850 3.15959597
0.29258701 0.00187069 0.48009413 0.45270988 0.26096570 0.00024046 7.71738291 2.80967307 14.84151077 3.15495992
0.28985846 0.00175014 0.47604895 0.37439358 0.25884488 0.00022984 7.69172382 2.80760288 14.81408882 3.15032625
0.28721514 0.00170684 0.47208953 0.29702464 0.25678012 0.00034887 7.66595793 2.80548906 14.78670502 3.14569569
0.28465152 0.00177784 0.46819931 0.22072540 0.25476387 0.00027461 7.64008617 2.80332994 14.75936508 3.14106727
0.28216884 0.00176043 0.46439090 0.14572327 0.25279805 0.00038626 7.61411095 2.80112720 14.73206139 3.13644171
0.27975765 0.00174521 0.46064535 0.07255334 0.25088292 0.00028859 7.58803463 2.79888105 14.70479679 3.13181925
0.27739954 0.00178906 0.45695361 0.00551490 0.24900115 0.00032977 7.56185770 2.79658914 14.67756748 3.12720013
0.27495018 0.00185365 0.45313862 0.00304602 0.24708177 0.00035232 7.53557825 2.79423499 14.65036488 3.12257695
0.27262664 0.00185919 0.44947457 0.00175783 0.24524201 0.00031182 7.50920343 2.79184604 14.62320042 3.11796165
0.27036151 0.00179000 0.44585955 0.00118322 0.24344732 0.00027603 7.48273420 2.78941345 14.59607029 3.11335063
0.26817095 0.00183375 0.44232482 0.00092896 0.24170530 0.00028847 7.45617342 2.78694177 14.56897068 3.10874701
0.26605138 0.00176334 0.43887535 0.00072651 0.24002394 0.00024688 7.42952204 2.78443360 14.54190636 3.10415173
0.26399115 0.00179548 0.43550649 0.00046970 0.23838943 0.00029357 7.40278244 2.78188705 14.51487255 3.09956503
0.26198801 0.00176560 0.43221790 0.00064010 0.23680767 0.00023571 7.37595463 2.77930427 14.48787117 3.09498668
0.26003900 0.00176968 0.42900780 0.00102988 0.23526756 0.00028665 7.34904099 2.77668405 14.46089935 3.09041739
0.25814176 0.00178453 0.42587230 0.00051655 0.23377308 0.00023231 7.32204151 2.77402687 14.43395805 3.08585739
0.25629538 0.00177188 0.42281651 0.00054427 0.23231758 0.00028494 7.29495859 2.77133298 14.40704441 3.08130717
0.25449228 0.00176713 0.41983265 0.00055922 0.23090570 0.00023604 7.26779413 2.76860380 14.38015747 3.07676697
0.25273487 0.00174992 0.41692272 0.00077165 0.22952890 0.00028481 7.24054861 2.76583862 14.35330009 3.07223749
0.25101846 0.00175236 0.41407984 0.00052739 0.22818936 0.00024194 7.21322393 2.76303792 14.32646561 3.06771803
0.24934250 0.00173336 0.41130739 0.00070788 0.22688106 0.00028411 7.18582106 2.76020098 14.29965782 3.06320906
0.24769907 0.00171220 0.40860191 0.00050263 0.22561453 0.00025426 7.15834236 2.75733185 14.27287483 3.05871224
0.24609022 0.00173247 0.40596101 0.00053166 0.22437911 0.00028386 7.13078833 2.75442886 14.24611759 3.05422688
0.24451488 0.00177108 0.40338093 0.00033928 0.22317591 0.00026785 7.10316133 2.75149131 14.21938133 3.04975319
0.24297337 0.00167618 0.40086296 0.00052301 0.22200206 0.00028312 7.07546234 2.74852061 14.19266891 3.04529142
0.24145876 0.00115731 0.39840114 0.00059806 0.22086029 0.00027989 7.04769230 2.74551725 14.16597843 3.04084229
0.23997343 0.00135395 0.39599887 0.00059656 0.21974725 0.00028384 7.01985359 2.74248195 14.13930893 3.03640556
0.23851439 0.00180195 0.39365146 0.00049186 0.21866426 0.00028547 6.99194765 2.73941517 14.11266136 3.03198171
0.23708114 0.00219247 0.39135751 0.00054593 0.21760868 0.00028756 6.96397591 2.73631692 14.08603191 3.02757072
0.23567133 0.00139049 0.38911229 0.00044073 0.21658051 0.00029138 6.93593979 2.73318768 14.05942249 3.02317262
0.23428711 0.00171704 0.38691881 0.00042955 0.21557799 0.00029346 6.90784073 2.73002768 14.03283310 3.01878810
0.23292772 0.00173479 0.38477334 0.00046515 0.21460015 0.00029643 6.87968111 2.72683692 14.00625992 3.01441622
0.23158763 0.00166003 0.38267362 0.00031816 0.21365044 0.00029695 6.85146189 2.72361803 13.97970390 3.01005816
0.23027161 0.00136520 0.38061914 0.00039174 0.21272355 0.00030049 6.82318497 2.72036910 13.95316410 3.00571346
0.22897452 0.00173417 0.37861016 0.00046901 0.21182017 0.00030106 6.79485273 2.71709156 13.92663956 3.00138259
0.22769888 0.00194900 0.37664339 0.00038941 0.21094213 0.00030625 6.76646519 2.71378636 13.90013027 2.99706483
0.22644262 0.00168199 0.37471622 0.00033489 0.21008532 0.00030645 6.73802614 2.71045256 13.87363529 2.99276090
0.22520556 0.00179064 0.37282744 0.00042357 0.20925021 0.00030953 6.70953560 2.70709085 13.84715462 2.98847008
0.22398752 0.00216415 0.37097853 0.00039520 0.20843635 0.00030944 6.68099642 2.70370221 13.82068348 2.98419285
0.22278675 0.00169998 0.36916646 0.00056937 0.20764542 0.00031248 6.65241146 2.70028758 13.79422665 2.97992945
0.22159785 0.00200734 0.36739051 0.00045093 0.20687580 0.00031052 6.62378073 2.69684768 13.76778126 2.97567964
0.22042474 0.00225612 0.36564964 0.00033092 0.20612749 0.00031293 6.59510660 2.69338202 13.74134636 2.97144341
0.21927086 0.00203572 0.36394241 0.00040939 0.20539935 0.00030944 6.56639051 2.68989110 13.71492004 2.96722031
0.21813358 0.00202959 0.36226729 0.00035020 0.20468871 0.00031610 6.53763485 2.68637443 13.68850422 2.96301007
0.21700870 0.00226689 0.36062479 0.00024121 0.20399851 0.00031886 6.50884247 2.68283415 13.66209507 2.95881319
0.21590005 0.00209149 0.35901424 0.00069109 0.20332779 0.00033758 6.48001432 2.67927027 13.63569355 2.95462942
0.21480122 0.00198455 0.35743424 0.00048810 0.20267677 0.00031825 6.45115137 2.67568350 13.60929775 2.95045853
0.21370937 0.00198648 0.35588318 0.00039455 0.20204780 0.00031329 6.42225742 2.67207551 13.58291149 2.94630098
0.21263142 0.00205809 0.35435927 0.00043478 0.20143490 0.00030651 6.39333248 2.66844463 13.55652714 2.94215631
0.21157068 0.00208681 0.35286516 0.00035570 0.20083871 0.00034749 6.36437893 2.66479087 13.53014851 2.93802357
0.21052489 0.00213651 0.35139379 0.00049525 0.20025486 0.00034047 6.33539867 2.66111255 13.50377083 2.93390250
0.20950116 0.00213241 0.34995076 0.00040851 0.19968587 0.00033804 6.30639410 2.65741086 13.47739697 2.92979240
0.20848504 0.00224017 0.34852946 0.00057865 0.19913296 0.00030313 6.27736855 2.65368795 13.45102215 2.92569447
0.20748022 0.00203232 0.34713590 0.00047515 0.19859885 0.00033697 6.24832249 2.64994550 13.42465019 2.92160845
0.20648073 0.00227439 0.34576744 0.00045457 0.19808263 0.00033681 6.21925879 2.64618373 13.39827824 2.91753411
0.20548655 0.00238793 0.34442341 0.00036897 0.19758633 0.00033340 6.19017935 2.64240432 13.37190914 2.91347194
0.20450081 0.00206130 0.34309924 0.00033609 0.19710633 0.00029921 6.16108561 2.63860488 13.34553719 2.90942121
0.20352785 0.00236222 0.34179938 0.00038260 0.19663717 0.00034941 6.13197899 2.63478470 13.31916237 2.90538073
0.20256728 0.00242524 0.34051898 0.00029200 0.19618197 0.00036373 6.10286140 2.63094401 13.29278374 2.90135074
0.20162712 0.00224948 0.33926088 0.00029477 0.19573846 0.00032265 6.07373571 2.62708163 13.26640129 2.89733052
0.20069011 0.00233819 0.33802044 0.00033444 0.19530836 0.00023564 6.04460335 2.62319946 13.24001503 2.89332056
0.19975644 0.00239850 0.33679950 0.00031133 0.19489306 0.00034734 6.01546812 2.61930060 13.21362209 2.88932085
0.19883595 0.00238503 0.33560145 0.00044874 0.19449191 0.00032516 5.98633003 2.61538291 13.18722439 2.88533115
0.19792318 0.00237212 0.33442453 0.00035860 0.19410694 0.00032292 5.95719194 2.61144829 13.16082001 2.88135099
0.19701539 0.00240992 0.33326471 0.00038173 0.19373374 0.00033258 5.92805576 2.60749483 13.13440800 2.87738061
0.19611640 0.00243144 0.33212095 0.00034093 0.19337277 0.00034700 5.89892387 2.60352206 13.10798836 2.87341952
0.19523041 0.00244035 0.33099547 0.00033141 0.19302133 0.00035090 5.86979675 2.59952950 13.08155823 2.86946678
0.19435625 0.00242451 0.32988703 0.00036540 0.19267985 0.00034440 5.84067774 2.59551692 13.05511761 2.86552238
0.19348957 0.00246572 0.32879496 0.00031522 0.19234966 0.00033231 5.81156921 2.59148598 13.02866650 2.86158681
0.19262657 0.00249555 0.32771894 0.00026358 0.19203204 0.00034190 5.78247309 2.58743763 13.00220394 2.85765958
0.19176860 0.00250166 0.32665953 0.00031279 0.19172721 0.00033956 5.75339127 2.58337235 12.97572899 2.85374117
0.19091512 0.00251797 0.32561687 0.00038195 0.19143394 0.00034402 5.72432566 2.57928967 12.94924164 2.84983134
0.19006349 0.00253616 0.32459155 0.00036159 0.19115362 0.00033989 5.69527912 2.57519102 12.92274475 2.84592938
0.18920995 0.00259548 0.32358232 0.00048002 0.19088690 0.00034298 5.66625309 2.57107687 12.89623070 2.84203625
0.18835783 0.00262351 0.32258976 0.00041011 0.19063282 0.00034104 5.63724852 2.56694698 12.86970615 2.83815098
0.18750907 0.00261818 0.32161477 0.00029488 0.19038920 0.00034018 5.60826731 2.56280041 12.84316540 2.83427405
0.18665558 0.00261160 0.32065740 0.00041998 0.19015802 0.00033755 5.57931137 2.55863857 12.81660938 2.83040524
0.18579249 0.00267100 0.31971794 0.00032141 0.18994251 0.00033290 5.55038261 2.55446458 12.79004002 2.82654500
0.18492001 0.00269132 0.31879780 0.00035715 0.18974203 0.00032964 5.52148199 2.55027819 12.76345444 2.82269359
0.18403773 0.00280789 0.31789857 0.00062280 0.18955530 0.00032692 5.49260998 2.54607940 12.73685265 2.81885052
0.18313850 0.00283914 0.31701818 0.00045218 0.18938354 0.00032760 5.46376848 2.54186940 12.71023369 2.81501627
0.18221609 0.00282973 0.31616274 0.00028374 0.18922964 0.00032680 5.43495750 2.53765178 12.68360138 2.81119132
0.18125623 0.00271256 0.31533250 0.00027978 0.18909773 0.00032243 5.40617752 2.53343105 12.65695477 2.80737686
0.18024530 0.00258920 0.31453192 0.00029880 0.18899214 0.00031343 5.37742805 2.52921224 12.63029480 2.80357409
0.17916532 0.00247807 0.31376451 0.00050554 0.18891785 0.00030133 5.34870720 2.52500153 12.60362434 2.79978442
0.17799629 0.00235726 0.31303546 0.00051734 0.18887977 0.00028731 5.32001257 2.52080584 12.57694435 2.79600906
0.17671464 0.00221951 0.31234649 0.00046302 0.18888497 0.00027048 5.29133987 2.51663303 12.55026054 2.79225039
0.17530556 0.00218268 0.31169927 0.00043822 0.18893526 0.00025330 5.26268291 2.51248765 12.52357006 2.78850865
0.17376897 0.00220405 0.31109104 0.00038221 0.18902874 0.00023948 5.23403358 2.50836897 12.49687862 2.78478432
0.17213216 0.00211699 0.31051645 0.00033810 0.18915565 0.00023010 5.20538187 2.50426888 12.47017097 2.78107476
0.17045054 0.00228886 0.30997351 0.00025692 0.18929623 0.00022439 5.17672062 2.50016832 12.44344807 2.77737570
0.16878520 0.00248097 0.30945814 0.00052923 0.18942581 0.00022912 5.14804077 2.49604440 12.41669464 2.77368069
0.16717736 0.00275823 0.30895922 0.00048368 0.18952447 0.00020100 5.11933947 2.49187636 12.38989925 2.76998568
0.16565843 0.00289943 0.30847090 0.00045695 0.18958221 0.00014641 5.09061718 2.48765349 12.36305714 2.76628757
0.16422902 0.00279551 0.30797628 0.00043124 0.18959023 0.00021864 5.06187487 2.48336649 12.33616161 2.76258445
0.16289547 0.00221228 0.30746353 0.00047735 0.18955816 0.00027413 5.03311777 2.47901750 12.30921459 2.75887704
0.16167797 0.00194547 0.30693147 0.00040533 0.18947986 0.00014921 5.00435114 2.47459912 12.28220844 2.75516343
0.16056910 0.00232458 0.30637261 0.00021296 0.18935309 0.00024226 4.97558022 2.47011209 12.25514603 2.75144291
0.15957436 0.00231795 0.30578297 0.00031481 0.18918642 0.00032731 4.94681358 2.46555686 12.22802544 2.74771667
0.15869080 0.00183092 0.30515707 0.00039010 0.18898480 0.00028556 4.91806078 2.46093512 12.20084763 2.74398422
0.15791331 0.00162575 0.30449277 0.00033604 0.18875027 0.00017811 4.88932943 2.45624757 12.17361069 2.74024630
0.15723310 0.00176627 0.30379036 0.00037590 0.18849213 0.00021280 4.86063099 2.45149946 12.14631557 2.73650360
0.15663926 0.00163210 0.30306870 0.00049170 0.18822201 0.00023177 4.83197498 2.44670272 12.11897087 2.73275805
0.15609974 0.00177318 0.30232140 0.00052147 0.18795249 0.00029305 4.80337191 2.44186449 12.09157658 2.72901154
0.15559709 0.00171759 0.30156270 0.00045088 0.18769218 0.00021552 4.77482939 2.43699622 12.06413651 2.72526598
0.15511391 0.00157977 0.30077967 0.00052142 0.18744773 0.00023183 4.74635410 2.43209720 12.03665447 2.72152233
0.15464781 0.00172272 0.29999751 0.00037714 0.18722160 0.00021971 4.71795177 2.42717838 12.00912857 2.71778107
0.15418437 0.00169122 0.29920226 0.00039751 0.18701421 0.00023848 4.68962908 2.42223501 11.98156166 2.71404243
0.15372376 0.00174083 0.29840297 0.00050112 0.18682674 0.00024285 4.66139030 2.41727185 11.95395184 2.71030736
0.15326382 0.00165091 0.29760391 0.00045052 0.18665904 0.00022118 4.63323879 2.41228890 11.92630005 2.70657516
0.15280584 0.00184433 0.29679519 0.00039332 0.18650562 0.00021165 4.60517979 2.40728092 11.89860249 2.70284557
0.15234973 0.00187255 0.29600295 0.00033779 0.18637076 0.00027615 4.57721758 2.40225768 11.87086391 2.69911981
0.15188505 0.00196988 0.29520842 0.00036310 0.18625359 0.00025542 4.54935551 2.39721370 11.84307957 2.69539714
0.15142106 0.00156221 0.29440540 0.00039626 0.18614730 0.00020489 4.52159691 2.39214277 11.81524563 2.69167662
