8.94373322 17.60467148 11.12875748 10.32406139 2.23937798 2.23937798 10.32406139 11.12875748 17.60467148 8.94373322
8.93506813 17.58002663 11.12621021 10.32107830 2.23762250 2.23762250 10.32107830 11.12621021 17.58002663 8.93506813
8.92979527 17.55058479 11.12662888 10.31993389 2.23510385 2.23510385 10.31993389 11.12662888 17.55058479 8.92979527
8.92353249 17.51658630 11.12471008 10.31738472 2.23266315 2.23266315 10.31738472 11.12471008 17.51658630 8.92353249
8.91824532 17.47806740 11.12239456 10.31477356 2.23111272 2.23111272 10.31477356 11.12239456 17.47806740 8.91824532
8.91301060 17.43535042 11.11959076 10.31166744 2.22961807 2.22961807 10.31166744 11.11959171 17.43535233 8.91301060
8.90705109 17.39031792 11.11655712 10.30834007 2.22825146 2.22825146 10.30834007 11.11655712 17.39031601 8.90705109
8.90052032 17.34164810 11.11382008 10.30487251 2.22657299 2.22657299 10.30487251 11.11382008 17.34164810 8.90052128
8.89431286 17.29067993 11.11113548 10.30121517 2.22460628 2.22460628 10.30121422 11.11113548 17.29067993 8.89431381
8.88855267 17.24105263 11.10759163 10.29706573 2.22122693 2.22122693 10.29706573 11.10759163 17.24105263 8.88855267
8.88270855 17.19281006 11.10419846 10.29269981 2.21747422 2.21747422 10.29269981 11.10419846 17.19280815 8.88270855
8.87664032 17.14435005 11.10094929 10.28820801 2.21309471 2.21309471 10.28820801 11.10095024 17.14435005 8.87664032
8.87039280 17.09498978 11.09772301 10.28358936 2.20808959 2.20808959 10.28358936 11.09772301 17.09498978 8.87039280
8.86406422 17.04443169 11.09444046 10.27889061 2.20250583 2.20250583 10.27889061 11.09444046 17.04443169 8.86406326
8.85770130 16.99262428 11.09108448 10.27414799 2.19642758 2.19642758 10.27414799 11.09108448 16.99262619 8.85770130
8.85129261 16.93984413 11.08764744 10.26937103 2.18992329 2.18992329 10.26937103 11.08764744 16.93984222 8.85129261
8.84482670 16.88640976 11.08413982 10.26455402 2.18303847 2.18303847 10.26455402 11.08413982 16.88640976 8.84482765
8.83829021 16.83256340 11.08056545 10.25968552 2.17579937 2.17579937 10.25968552 11.08056450 16.83256340 8.83829117
8.83166885 16.77846146 11.07692909 10.25475788 2.16822577 2.16822577 10.25475788 11.07692909 16.77846146 8.83166885
8.82494450 16.72425652 11.07323456 10.24976444 2.16033745 2.16033745 10.24976444 11.07323456 16.72425842 8.82494450
8.81809807 16.67011070 11.06948757 10.24470234 2.15215039 2.15215039 10.24470234 11.06948757 16.67011070 8.81809807
8.81111145 16.61616135 11.06569099 10.23957157 2.14367676 2.14367676 10.23957157 11.06569099 16.61615944 8.81111145
8.80396843 16.56251907 11.06184673 10.23437119 2.13492608 2.13492632 10.23437119 11.06184673 16.56251907 8.80396843
8.79665756 16.50926590 11.05795383 10.22910213 2.12590814 2.12590814 10.22910213 11.05795383 16.50926590 8.79665852
8.78917503 16.45644188 11.05401039 10.22376633 2.11663318 2.11663318 10.22376633 11.05400944 16.45644379 8.78917503
8.78151798 16.40406609 11.05001163 10.21836472 2.10711527 2.10711527 10.21836472 11.05001163 16.40406609 8.78151798
8.77368546 16.35212898 11.04595757 10.21289921 2.09736776 2.09736776 10.21289921 11.04595661 16.35213089 8.77368546
8.76567936 16.30063438 11.04184246 10.20737076 2.08740401 2.08740401 10.20737076 11.04184246 16.30063629 8.76567936
8.75750065 16.24957848 11.03766727 10.20178127 2.07723451 2.07723451 10.20178032 11.03766727 16.24957848 8.75750160
8.74915123 16.19896698 11.03343010 10.19612885 2.06686544 2.06686544 10.19612885 11.03343010 16.19896698 8.74915028
8.74063110 16.14880753 11.02913189 10.19041729 2.05630255 2.05630255 10.19041634 11.02913189 16.14880943 8.74063015
8.73194122 16.09910965 11.02477264 10.18464470 2.04554892 2.04554892 10.18464470 11.02477264 16.09910965 8.73194122
8.72308445 16.04986763 11.02035141 10.17881298 2.03460860 2.03460860 10.17881298 11.02035141 16.04986572 8.72308540
8.71406460 16.00107574 11.01587009 10.17292213 2.02348423 2.02348399 10.17292213 11.01587105 16.00107574 8.71406364
8.70487881 15.95271873 11.01133060 10.16697216 2.01217914 2.01217914 10.16697216 11.01133060 15.95271969 8.70487881
8.69553185 15.90478516 11.00673103 10.16096497 2.00069714 2.00069714 10.16096497 11.00673103 15.90478611 8.69553280
8.68602467 15.85726357 11.00207424 10.15489769 1.98904264 1.98904264 10.15489864 11.00207329 15.85726357 8.68602467
8.67635918 15.81014347 10.99735928 10.14877510 1.97722065 1.97722065 10.14877510 10.99735928 15.81014347 8.67635822
8.66653347 15.76342487 10.99258900 10.14259529 1.96523666 1.96523678 10.14259529 10.99258804 15.76342487 8.66653347
8.65655041 15.71712494 10.98776150 10.13636303 1.95309830 1.95309830 10.13636303 10.98776150 15.71712589 8.65654945
8.64640522 15.67130756 10.98288059 10.13007927 1.94081724 1.94081724 10.13007927 10.98288059 15.67130852 8.64640522
8.63610363 15.62613964 10.97794914 10.12374973 1.92841220 1.92841220 10.12374973 10.97795010 15.62613964 8.63610458
8.62567806 15.58193111 10.97297478 10.11738014 1.91591406 1.91591406 10.11738110 10.97297478 15.58193111 8.62567806
8.61522484 15.53897285 10.96794987 10.11096859 1.90335798 1.90335786 10.11096859 10.96794987 15.53897285 8.61522484
8.60484219 15.49734306 10.96283436 10.10450077 1.89076114 1.89076114 10.10450077 10.96283436 15.49734306 8.60484219
8.59452629 15.45674706 10.95759964 10.09796906 1.87814331 1.87814331 10.09796906 10.95759869 15.45674515 8.59452724
8.58415699 15.41680050 10.95235825 10.09139729 1.86547840 1.86547840 10.09139729 10.95235825 15.41680431 8.58415699
8.57366562 15.37756824 10.94699860 10.08475399 1.85248673 1.85248673 10.08475399 10.94699860 15.37756634 8.57366562
8.56314087 15.33910084 10.94143391 10.07803535 1.83925819 1.83925819 10.07803535 10.94143391 15.33910084 8.56314087
8.55253029 15.30092430 10.93570518 10.07126141 1.82592320 1.82592297 10.07126045 10.93570518 15.30092430 8.55253029
8.54183292 15.26308823 10.92977619 10.06444263 1.81259429 1.81259429 10.06444263 10.92977715 15.26308727 8.54183292
8.53107071 15.22572327 10.92363834 10.05759811 1.79930890 1.79930890 10.05759811 10.92363834 15.22572327 8.53107071
8.52037907 15.18887615 10.91722202 10.05075359 1.78619075 1.78619075 10.05075359 10.91722107 15.18887520 8.52037907
8.50996590 15.15198231 10.91058350 10.04392433 1.77351415 1.77351415 10.04392433 10.91058254 15.15198231 8.50996590
8.49970627 15.11433887 10.90407181 10.03706741 1.76128149 1.76128125 10.03706837 10.90407181 15.11433983 8.49970627
8.48943710 15.07641697 10.89794445 10.03016281 1.74898756 1.74898744 10.03016376 10.89794445 15.07641602 8.48943710
8.47910595 15.03893757 10.89211845 10.02320194 1.73651147 1.73651147 10.02320194 10.89211750 15.03893661 8.47910595
8.46873188 15.00235844 10.88640594 10.01619625 1.72400475 1.72400475 10.01619720 10.88640594 15.00235939 8.46873093
8.45833302 14.96685219 10.88073635 10.00916386 1.71148181 1.71148169 10.00916386 10.88073540 14.96685123 8.45833397
8.44788456 14.93228149 10.87516212 10.00210476 1.69880509 1.69880509 10.00210476 10.87516212 14.93228245 8.44788456
8.43724346 14.89821434 10.86990166 9.99498367 1.68567514 1.68567514 9.99498272 10.86990166 14.89821434 8.43724346
8.42590141 14.86420250 10.86558819 9.98766899 1.67083669 1.67083669 9.98766899 10.86558819 14.86420250 8.42590141
8.41351128 14.83099174 10.86282635 9.98011780 1.65318596 1.65318596 9.98011684 10.86282635 14.83099079 8.41351128
8.40095425 14.79685116 10.85994816 9.97247601 1.63451040 1.63451040 9.97247601 10.85994816 14.79685020 8.40095425
8.38839054 14.76283836 10.85655499 9.96483231 1.61571264 1.61571276 9.96483231 10.85655499 14.76283741 8.38839054
8.37607956 14.72762108 10.85274124 9.95732784 1.59794605 1.59794605 9.95732784 10.85274220 14.72762203 8.37608051
8.36452579 14.69295311 10.84889126 9.94999313 1.58253002 1.58252990 9.94999313 10.84889221 14.69295311 8.36452579
8.35281563 14.66069126 10.84523582 9.94256783 1.56774247 1.56774247 9.94256783 10.84523582 14.66069031 8.35281563
8.34098148 14.62910175 10.84141254 9.93501949 1.55260420 1.55260420 9.93501949 10.84141350 14.62910175 8.34098244
8.32892227 14.59740639 10.83733845 9.92734718 1.53688180 1.53688180 9.92734718 10.83733940 14.59740543 8.32892323
8.31645012 14.56551170 10.83303833 9.91963863 1.52077770 1.52077770 9.91963959 10.83303738 14.56551075 8.31645107
8.30368710 14.53315163 10.82854271 9.91195393 1.50422549 1.50422549 9.91195488 10.82854271 14.53315067 8.30368614
8.29032803 14.50004482 10.82383156 9.90413666 1.48684084 1.48684084 9.90413666 10.82383156 14.50004482 8.29032803
8.27636051 14.46842670 10.81891251 9.89601898 1.46828866 1.46828866 9.89601994 10.81891251 14.46842766 8.27636051
8.26272583 14.43761444 10.81402397 9.88792229 1.45011258 1.45011258 9.88792229 10.81402397 14.43761444 8.26272488
8.24929333 14.40714073 10.80915260 9.87981129 1.43224084 1.43224084 9.87981129 10.80915165 14.40714169 8.24929237
8.23587513 14.37688541 10.80430222 9.87163353 1.41435957 1.41435969 9.87163353 10.80430222 14.37688637 8.23587513
8.22237778 14.34723091 10.79940605 9.86343288 1.39654601 1.39654613 9.86343288 10.79940510 14.34722996 8.22237778
8.20887947 14.31805992 10.79442310 9.85524464 1.37889993 1.37889993 9.85524559 10.79442310 14.31805992 8.20887947
8.19545174 14.28923130 10.78933525 9.84703541 1.36140108 1.36140108 9.84703541 10.78933525 14.28923130 8.19545174
8.18204689 14.26067257 10.78416348 9.83877945 1.34403765 1.34403753 9.83877945 10.78416348 14.26067257 8.18204689
8.16863251 14.23227882 10.77892780 9.83048058 1.32685471 1.32685459 9.83048153 10.77892685 14.23227787 8.16863251
8.15520382 14.20396614 10.77363873 9.82214069 1.30987310 1.30987310 9.82214069 10.77363873 14.20396614 8.15520287
8.14175606 14.17568779 10.76830292 9.81375599 1.29310012 1.29310012 9.81375599 10.76830196 14.17568684 8.14175606
8.12828636 14.14739990 10.76292801 9.80532742 1.27654171 1.27654171 9.80532742 10.76292801 14.14739990 8.12828636
8.11479092 14.11906528 10.75752068 9.79684925 1.26020074 1.26020062 9.79684925 10.75752163 14.11906528 8.11479092
8.10126591 14.09064960 10.75208855 9.78832054 1.24407685 1.24407685 9.78832054 10.75208855 14.09064960 8.10126591
8.08770847 14.06212044 10.74663353 9.77973938 1.22816825 1.22816825 9.77973938 10.74663353 14.06211948 8.08770943
8.07411575 14.03344727 10.74116135 9.77110386 1.21247101 1.21247101 9.77110386 10.74116230 14.03344631 8.07411671
8.06048870 14.00461197 10.73567390 9.76241112 1.19698060 1.19698048 9.76241112 10.73567486 14.00461197 8.06048965
8.04682446 13.97559834 10.73017120 9.75365925 1.18169236 1.18169236 9.75365925 10.73017120 13.97559834 8.04682446
8.03312683 13.94639874 10.72465134 9.74484634 1.16660249 1.16660249 9.74484634 10.72465038 13.94639683 8.03312683
8.01939583 13.91700935 10.71911335 9.73597145 1.15170777 1.15170777 9.73597145 10.71911335 13.91701031 8.01939678
8.00563717 13.88743782 10.71355534 9.72703266 1.13700652 1.13700652 9.72703266 10.71355534 13.88743591 8.00563717
7.99185371 13.85768318 10.70797348 9.71802807 1.12249827 1.12249839 9.71802807 10.70797348 13.85768414 7.99185371
7.97804832 13.82775593 10.70236874 9.70895958 1.10818350 1.10818350 9.70895958 10.70236778 13.82775593 7.97804832
7.96422672 13.79766750 10.69673538 9.69982529 1.09406412 1.09406412 9.69982529 10.69673538 13.79766655 7.96422672
7.95039225 13.76743031 10.69107628 9.69062519 1.08014214 1.08014226 9.69062424 10.69107628 13.76742935 7.95039225
7.93654966 13.73705673 10.68538570 9.68135834 1.06642127 1.06642127 9.68135834 10.68538666 13.73705673 7.93654966
7.92270327 13.70656395 10.67966652 9.67202663 1.05290544 1.05290544 9.67202663 10.67966652 13.70656300 7.92270279
7.90885592 13.67596531 10.67391586 9.66263103 1.03959858 1.03959858 9.66263103 10.67391586 13.67596626 7.90885592
7.89501095 13.64528179 10.66813469 9.65317059 1.02650499 1.02650487 9.65316963 10.66813469 13.64528179 7.89501047
7.88117027 13.61453056 10.66232109 9.64364719 1.01362836 1.01362836 9.64364719 10.66232109 13.61453056 7.88117027
7.86733723 13.58373165 10.65647507 9.63406086 1.00097227 1.00097227 9.63406086 10.65647507 13.58373165 7.86733723
7.85351133 13.55290508 10.65059757 9.62441254 0.98853993 0.98853993 9.62441254 10.65059757 13.55290508 7.85351133
7.83969355 13.52207088 10.64468575 9.61470127 0.97633487 0.97633487 9.61470127 10.64468575 13.52207088 7.83969355
7.82588482 13.49124813 10.63874245 9.60492992 0.96436107 0.96436113 9.60492897 10.63874149 13.49124622 7.82588434
7.81208467 13.46045017 10.63276482 9.59509659 0.95262349 0.95262343 9.59509659 10.63276482 13.46045017 7.81208515
7.79829407 13.42969704 10.62675667 9.58520412 0.94112736 0.94112736 9.58520412 10.62675667 13.42969608 7.79829359
7.78451300 13.39899540 10.62071609 9.57524872 0.92987841 0.92987841 9.57524872 10.62071609 13.39899540 7.78451252
7.77074099 13.36835384 10.61464691 9.56523323 0.91888219 0.91888219 9.56523323 10.61464596 13.36835384 7.77074099
7.75697851 13.33778095 10.60854626 9.55515671 0.90814352 0.90814352 9.55515671 10.60854721 13.33778191 7.75697851
7.74322462 13.30727768 10.60241890 9.54501915 0.89766556 0.89766556 9.54502010 10.60241890 13.30727863 7.74322462
7.72947788 13.27685165 10.59626198 9.53482056 0.88745016 0.88745022 9.53482056 10.59626293 13.27685165 7.72947788
7.71573734 13.24650192 10.59007645 9.52456093 0.87749767 0.87749767 9.52456093 10.59007740 13.24650192 7.71573734
7.70200014 13.21623135 10.58386326 9.51423931 0.86780685 0.86780685 9.51423836 10.58386326 13.21623135 7.70200062
7.68826628 13.18604469 10.57762051 9.50385571 0.85837519 0.85837519 9.50385571 10.57762051 13.18604374 7.68826628
7.67453098 13.15594101 10.57134819 9.49341011 0.84919870 0.84919870 9.49341011 10.57134819 13.15594292 7.67453098
7.66079283 13.12592793 10.56504440 9.48290253 0.84027290 0.84027284 9.48290253 10.56504440 13.12592697 7.66079235
7.64704943 13.09600449 10.55871010 9.47233200 0.83159184 0.83159184 9.47233200 10.55871010 13.09600449 7.64704943
7.63329840 13.06617355 10.55234528 9.46170044 0.82314926 0.82314926 9.46170044 10.55234432 13.06617355 7.63329840
7.61953735 13.03643417 10.54594612 9.45100594 0.81493872 0.81493872 9.45100594 10.54594707 13.03643513 7.61953735
7.60576344 13.00679111 10.53951454 9.44024849 0.80695319 0.80695319 9.44024849 10.53951454 13.00679207 7.60576296
7.59197426 12.97724724 10.53304863 9.42942905 0.79918575 0.79918569 9.42942905 10.53304863 12.97724724 7.59197378
7.57816744 12.94779968 10.52654839 9.41854668 0.79162914 0.79162914 9.41854668 10.52654743 12.94779968 7.57816744
7.56434202 12.91845322 10.52001095 9.40760040 0.78427643 0.78427643 9.40760040 10.52001095 12.91845322 7.56434155
7.55049467 12.88920498 10.51343727 9.39659214 0.77712083 0.77712083 9.39659214 10.51343727 12.88920403 7.55049467
7.53662443 12.86005878 10.50682640 9.38552189 0.77015609 0.77015609 9.38552189 10.50682640 12.86005878 7.53662443
7.52272892 12.83101463 10.50017834 9.37438869 0.76337594 0.76337594 9.37438869 10.50017834 12.83101463 7.52272892
7.50880718 12.80207253 10.49349117 9.36319351 0.75677425 0.75677425 9.36319351 10.49349117 12.80207253 7.50880671
7.49485636 12.77323532 10.48676491 9.35193443 0.75034541 0.75034541 9.35193539 10.48676491 12.77323532 7.49485683
7.48087740 12.74450207 10.47999763 9.34061527 0.74408382 0.74408382 9.34061527 10.47999859 12.74450111 7.48087740
7.46686697 12.71587276 10.47319221 9.32923222 0.73798436 0.73798436 9.32923222 10.47319221 12.71587276 7.46686697
7.45282555 12.68734932 10.46634483 9.31778812 0.73204178 0.73204178 9.31778812 10.46634483 12.68735027 7.45282507
7.43875027 12.65893269 10.45945454 9.30628109 0.72625142 0.72625142 9.30628109 10.45945454 12.65893173 7.43875027
7.42464161 12.63062096 10.45252419 9.29471397 0.72060841 0.72060835 9.29471397 10.45252419 12.63062096 7.42464161
7.41049814 12.60241890 10.44555092 9.28308487 0.71510798 0.71510792 9.28308487 10.44554996 12.60241699 7.41049814
7.39631891 12.57432270 10.43853378 9.27139378 0.70974529 0.70974529 9.27139378 10.43853378 12.57432270 7.39631891
7.38210249 12.54633617 10.43147373 9.25964260 0.70451581 0.70451581 9.25964260 10.43147278 12.54633713 7.38210249
7.36784887 12.51845741 10.42436790 9.24782944 0.69941467 0.69941467 9.24782848 10.42436790 12.51845646 7.36784887
7.35355711 12.49068928 10.41721821 9.23595428 0.69443697 0.69443697 9.23595428 10.41721821 12.49068928 7.35355663
7.33922529 12.46302891 10.41002369 9.22402000 0.68957746 0.68957752 9.22401905 10.41002369 12.46302986 7.33922577
7.32485437 12.43548012 10.40278244 9.21202374 0.68483090 0.68483096 9.21202374 10.40278244 12.43548107 7.32485437
7.31044102 12.40804100 10.39549541 9.19996643 0.68019158 0.68019158 9.19996643 10.39549541 12.40804100 7.31044149
7.29598618 12.38071156 10.38816261 9.18784904 0.67565322 0.67565322 9.18784904 10.38816261 12.38071346 7.29598665
7.28148699 12.35349464 10.38078213 9.17567158 0.67120904 0.67120904 9.17567062 10.38078213 12.35349464 7.28148699
7.26694345 12.32638836 10.37335491 9.16343307 0.66685134 0.66685128 9.16343307 10.37335396 12.32638741 7.26694345
7.25235176 12.29939651 10.36588001 9.15113449 0.66257137 0.66257137 9.15113449 10.36588001 12.29939651 7.25235176
7.23771143 12.27251911 10.35835838 9.13877487 0.65835911 0.65835911 9.13877487 10.35835838 12.27252007 7.23771143
7.22302008 12.24575996 10.35078812 9.12635517 0.65420300 0.65420300 9.12635517 10.35078907 12.24576092 7.22302008
7.20827484 12.21912384 10.34317207 9.11387634 0.65008956 0.65008956 9.11387634 10.34317207 12.21912384 7.20827484
7.19347382 12.19261265 10.33550930 9.10133743 0.64600366 0.64600366 9.10133743 10.33550930 12.19261169 7.19347382
7.17861366 12.16623211 10.32779884 9.08873749 0.64192903 0.64192903 9.08873749 10.32779789 12.16623211 7.17861414
7.16369247 12.13998699 10.32004261 9.07607841 0.63784897 0.63784897 9.07607841 10.32004261 12.13998699 7.16369247
7.14870882 12.11387920 10.31224251 9.06336117 0.63374925 0.63374925 9.06336117 10.31224346 12.11387920 7.14870882
7.13366461 12.08790970 10.30440235 9.05058670 0.62962228 0.62962228 9.05058670 10.30440140 12.08790874 7.13366461
7.11856508 12.06207466 10.29652309 9.03775692 0.62547439 0.62547439 9.03775787 10.29652309 12.06207466 7.11856508
7.10342073 12.03636456 10.28861046 9.02487564 0.62133616 0.62133616 9.02487564 10.28860950 12.03636360 7.10342073
7.08824778 12.01076126 10.28066921 9.01194572 0.61727279 0.61727273 9.01194572 10.28066826 12.01076126 7.08824778
7.07306623 11.98524189 10.27270412 8.99897194 0.61338055 0.61338055 8.99897194 10.27270412 11.98524094 7.07306623
7.05788851 11.95978451 10.26471901 8.98595715 0.60975295 0.60975295 8.98595715 10.26471901 11.95978451 7.05788803
7.04271698 11.93438053 10.25671387 8.97290134 0.60643458 0.60643458 8.97290230 10.25671387 11.93438244 7.04271650
7.02754211 11.90904617 10.24868202 8.95980549 0.60340977 0.60340977 8.95980549 10.24868298 11.90904713 7.02754211
7.01234865 11.88380718 10.24061966 8.94666767 0.60062575 0.60062575 8.94666767 10.24061966 11.88380909 7.01234913
6.99712372 11.85868740 10.23252296 8.93348885 0.59802580 0.59802580 8.93348885 10.23252201 11.85868740 6.99712372
6.98185921 11.83369255 10.22438717 8.92026901 0.59556741 0.59556741 8.92026901 10.22438812 11.83369064 6.98185921
6.96655273 11.80881882 10.21621513 8.90701008 0.59322709 0.59322709 8.90701008 10.21621609 11.80881882 6.96655273
6.95120478 11.78406429 10.20800495 8.89371204 0.59099352 0.59099352 8.89371204 10.20800495 11.78406429 6.95120478
6.93581676 11.75942039 10.19975948 8.88037586 0.58886194 0.58886194 8.88037682 10.19975853 11.75942039 6.93581724
6.92039061 11.73487759 10.19147587 8.86700249 0.58682942 0.58682942 8.86700249 10.19147587 11.73487854 6.92039061
6.90492821 11.71043491 10.18315697 8.85359097 0.58489358 0.58489358 8.85359097 10.18315697 11.71043491 6.90492821
6.88942957 11.68608570 10.17480183 8.84014225 0.58305180 0.58305180 8.84014225 10.17480183 11.68608570 6.88942957
6.87389612 11.66182709 10.16641140 8.82665634 0.58130085 0.58130085 8.82665634 10.16641045 11.66182709 6.87389612
6.85832787 11.63765717 10.15798378 8.81313324 0.57963723 0.57963723 8.81313324 10.15798378 11.63765717 6.85832787
6.84272575 11.61357117 10.14952087 8.79957294 0.57805753 0.57805759 8.79957294 10.14952087 11.61357117 6.84272623
6.82709026 11.58957100 10.14102268 8.78597450 0.57655823 0.57655823 8.78597450 10.14102268 11.58957100 6.82709026
6.81142139 11.56565189 10.13248825 8.77233982 0.57513577 0.57513577 8.77233982 10.13248825 11.56565189 6.81142092
6.79571772 11.54181290 10.12391663 8.75866890 0.57378709 0.57378709 8.75866795 10.12391663 11.54181290 6.79571819
6.77998161 11.51805401 10.11530972 8.74495983 0.57250893 0.57250893 8.74496078 10.11531067 11.51805401 6.77998161
6.76421165 11.49437332 10.10666656 8.73121548 0.57129806 0.57129806 8.73121548 10.10666656 11.49437332 6.76421165
6.74840879 11.47076988 10.09798813 8.71743584 0.57015193 0.57015193 8.71743584 10.09798717 11.47077084 6.74840879
6.73257208 11.44724178 10.08927059 8.70361900 0.56906760 0.56906760 8.70361900 10.08927155 11.44724083 6.73257160
6.71670198 11.42378807 10.08051777 8.68976688 0.56804252 0.56804252 8.68976688 10.08051777 11.42378712 6.71670198
6.70079851 11.40040684 10.07172871 8.67587852 0.56707418 0.56707418 8.67587852 10.07172871 11.40040779 6.70079851
6.68486166 11.37709808 10.06290340 8.66195583 0.56616008 0.56616008 8.66195679 10.06290340 11.37709618 6.68486166
6.66889191 11.35385799 10.05403996 8.64799786 0.56529790 0.56529790 8.64799881 10.05403996 11.35385990 6.66889191
6.65288830 11.33069038 10.04514027 8.63400555 0.56448537 0.56448537 8.63400555 10.04514027 11.33069229 6.65288830
6.63685179 11.30759048 10.03620338 8.61997700 0.56372041 0.56372041 8.61997700 10.03620338 11.30759144 6.63685131
6.62078190 11.28455925 10.02723026 8.60591507 0.56300080 0.56300086 8.60591507 10.02722931 11.28455925 6.62078190
6.60467911 11.26159382 10.01821899 8.59181690 0.56232458 0.56232458 8.59181690 10.01821804 11.26159382 6.60467911
6.58854342 11.23869228 10.00916958 8.57768536 0.56168979 0.56168979 8.57768536 10.00916958 11.23869324 6.58854342
6.57237482 11.21585751 10.00008488 8.56351948 0.56109458 0.56109458 8.56351948 10.00008488 11.21585655 6.57237482
6.55617332 11.19308567 9.99096107 8.54931831 0.56053704 0.56053704 8.54931831 9.99096107 11.19308567 6.55617332
6.53993893 11.17037678 9.98180008 8.53508282 0.56001532 0.56001532 8.53508282 9.98180103 11.17037773 6.53993893
6.52367258 11.14772987 9.97260189 8.52081203 0.55952799 0.55952799 8.52081203 9.97260189 11.14773083 6.52367306
6.50737381 11.12514496 9.96336555 8.50650692 0.55907339 0.55907339 8.50650692 9.96336555 11.12514496 6.50737381
6.49104357 11.10262108 9.95409203 8.49216557 0.55864996 0.55864996 8.49216557 9.95409203 11.10262012 6.49104357
6.47468090 11.08015728 9.94478130 8.47778988 0.55825627 0.55825627 8.47778988 9.94478130 11.08015823 6.47468138
6.45828724 11.05775452 9.93543148 8.46337891 0.55789095 0.55789095 8.46337891 9.93543148 11.05775452 6.45828724
6.44186258 11.03541183 9.92604351 8.44893265 0.55755258 0.55755258 8.44893265 9.92604351 11.03541183 6.44186211
