3.77593851 18.01170349 2.83443213 9.88201332 1.25807929 1.25807929 9.88201332 2.83443213 18.01170349 3.77593875
3.77781057 17.95417213 2.82249141 9.86674690 1.26998425 1.26397753 9.88777065 2.84504652 17.98175240 3.77359772
3.75277185 17.82795715 2.80778980 9.79931641 1.26610029 1.25911617 9.89179611 2.85710502 17.95175743 3.77553606
3.71367931 17.67736435 2.80102801 9.71697617 1.24751484 1.24685764 9.88238907 2.85799193 17.91260910 3.77135038
3.67664146 17.52791214 2.79854107 9.63678074 1.23235750 1.23775709 9.87058926 2.85797834 17.86959839 3.76625538
3.64435935 17.37863159 2.79196811 9.55902004 1.22350764 1.23431194 9.85889053 2.85914302 17.82678986 3.76276612
3.61090136 17.22140312 2.78921890 9.47831345 1.21892905 1.23442793 9.84682655 2.86134934 17.78299332 3.75931048
3.57599354 17.05140877 2.78383541 9.39251137 1.21522725 1.23467422 9.83425617 2.86406660 17.73788834 3.75560451
3.53909492 16.86705208 2.76979041 9.30071735 1.20867252 1.23119497 9.82100964 2.86656427 17.69125748 3.75167894
3.49911857 16.67022324 2.74687076 9.20340919 1.19741368 1.22216392 9.80679417 2.86832285 17.64280891 3.74739003
3.45639253 16.46574593 2.71814013 9.10244179 1.18232358 1.20871067 9.79154873 2.86928678 17.59269905 3.74282503
3.41180682 16.25823402 2.68731284 8.99960804 1.16539443 1.19294941 9.77549648 2.86975074 17.54132462 3.73817563
3.36590719 16.04964066 2.65656614 8.89577198 1.14785528 1.17617106 9.75878525 2.86988902 17.48904419 3.73356819
3.31889105 15.84001827 2.62657952 8.79111099 1.13006985 1.15875435 9.74147892 2.86973596 17.43613052 3.72905135
3.27093172 15.62923241 2.59754014 8.68566227 1.11214876 1.14080250 9.72363377 2.86930323 17.38282204 3.72466803
3.22224951 15.41757774 2.56973624 8.57953358 1.09426296 1.12248993 9.70531750 2.86864138 17.32932472 3.72047901
3.17310596 15.20580673 2.54345059 8.47291851 1.07664597 1.10403955 9.68662643 2.86786318 17.27575493 3.71652317
3.12378001 14.99515915 2.51893711 8.36612129 1.05964541 1.08575833 9.66765881 2.86712146 17.22215652 3.71279073
3.07454705 14.78692436 2.49625540 8.25945377 1.04363930 1.06795537 9.64849663 2.86655951 17.16858482 3.70924044
3.02562809 14.58188438 2.47508216 8.15313244 1.02882516 1.05075812 9.62914658 2.86624646 17.11517906 3.70583177
2.97711778 14.38019466 2.45502925 8.04730701 1.01521349 1.03412569 9.60955620 2.86618257 17.06214142 3.70254302
2.92898250 14.18152142 2.43590212 7.94204426 1.00271022 1.01794195 9.58966827 2.86634660 17.00965500 3.69936848
2.88111663 13.98523903 2.41763783 7.83729172 0.99115944 1.00206625 9.56943989 2.86670804 16.95782089 3.69630766
2.83335710 13.79066277 2.40011382 7.73291016 0.98033649 0.98628432 9.54886341 2.86725092 16.90663910 3.69334555
2.78549385 13.59727669 2.38297200 7.62875462 0.96994311 0.97024047 9.52799225 2.86801767 16.85611153 3.69043565
2.73756123 13.40503788 2.36568403 7.52470255 0.95971256 0.95359904 9.50685883 2.86897397 16.80615044 3.68755269
2.68968010 13.21390629 2.34762311 7.42061090 0.94935280 0.93602091 9.48542404 2.86998653 16.75657654 3.68467927
2.64170885 13.02332973 2.32814169 7.31632853 0.93854910 0.91717350 9.46366405 2.87095332 16.70723724 3.68178272
2.59351993 12.83278847 2.30677128 7.21174955 0.92705697 0.89686251 9.44152451 2.87175822 16.65800858 3.67882991
2.54502535 12.64186382 2.28330088 7.10683537 0.91473132 0.87504828 9.41895771 2.87231636 16.60882568 3.67578959
2.49631286 12.45059776 2.25796223 7.00165272 0.90160036 0.85190940 9.39594460 2.87259269 16.55970001 3.67265105
2.44759727 12.25938797 2.23130655 6.89633989 0.88782275 0.82776356 9.37249470 2.87259531 16.51068687 3.66942120
2.39913869 12.06879044 2.20400047 6.79106855 0.87361568 0.80296242 9.34863567 2.87235713 16.46186638 3.66611814
2.35116196 11.87931633 2.17662168 6.68599939 0.85918939 0.77781296 9.32440853 2.87191677 16.41331863 3.66275930
2.30382180 11.69134521 2.14957118 6.58125877 0.84471440 0.75254709 9.29985332 2.87130642 16.36510277 3.65935946
2.25720167 11.50509930 2.12307405 6.47693396 0.83031380 0.72732514 9.27500153 2.87055278 16.31727028 3.65592813
2.21133280 11.32069016 2.09723139 6.37307835 0.81606984 0.70225120 9.24988461 2.86967421 16.26985359 3.65247226
2.16621685 11.13816071 2.07207012 6.26972103 0.80203396 0.67739069 9.22452641 2.86868429 16.22288132 3.64899421
2.12184286 10.95751476 2.04758382 6.16687775 0.78823823 0.65278399 9.19894695 2.86759305 16.17636490 3.64549518
2.07819891 10.77874279 2.02375174 6.06455994 0.77470309 0.62845743 9.17316151 2.86640787 16.13032341 3.64197564
2.03527570 10.60182953 2.00055170 5.96277380 0.76144224 0.60442811 9.14718723 2.86513519 16.08476448 3.63843513
1.99306726 10.42676067 1.97796154 5.86152935 0.74846590 0.58070856 9.12103653 2.86377978 16.03969002 3.63487339
1.95157254 10.25351906 1.95596230 5.76083565 0.73578179 0.55730748 9.09472466 2.86234665 15.99509907 3.63128972
1.91079378 10.08209515 1.93453658 5.66070127 0.72339606 0.53423041 9.06826305 2.86083937 15.95099354 3.62768340
1.87073636 9.91247559 1.91366959 5.56113958 0.71131361 0.51148051 9.04166222 2.85926294 15.90737152 3.62405348
1.83140838 9.74464703 1.89334822 5.46216202 0.69953817 0.48905751 9.01493740 2.85761952 15.86422539 3.62039948
1.79281986 9.57860279 1.87356091 5.36378193 0.68807268 0.46695912 8.98809624 2.85591316 15.82154655 3.61672091
1.75498164 9.41433048 1.85429645 5.26601267 0.67691922 0.44517934 8.96115017 2.85414648 15.77933025 3.61301732
1.71790588 9.25181675 1.83554387 5.16886902 0.66607869 0.42370942 8.93411160 2.85232234 15.73756409 3.60928726
1.68160450 9.09104729 1.81729221 5.07236624 0.65555102 0.40253738 8.90698719 2.85044336 15.69623756 3.60553098
1.64608920 8.93200588 1.79952943 4.97651815 0.64533514 0.38164821 8.87979031 2.84851193 15.65533924 3.60174775
1.61137080 8.77467060 1.78224325 4.88134003 0.63542873 0.36102414 8.85253048 2.84652948 15.61486340 3.59793663
1.57745862 8.61901093 1.76541877 4.78684568 0.62582815 0.34064510 8.82521343 2.84449816 15.57479191 3.59409761
1.54435933 8.46499443 1.74904037 4.69304848 0.61652857 0.32048881 8.79785252 2.84241939 15.53511715 3.59023023
1.51207745 8.31257915 1.73309028 4.59996080 0.60752368 0.30053163 8.77045536 2.84029460 15.49582767 3.58633375
1.48061395 8.16170979 1.71754801 4.50759268 0.59880561 0.28074887 8.74302959 2.83812356 15.45690823 3.58240795
1.44996607 8.01232147 1.70239079 4.41595316 0.59036511 0.26111549 8.71558475 2.83590794 15.41835022 3.57845235
1.42012656 7.86433840 1.68759322 4.32504940 0.58219135 0.24160667 8.68813038 2.83364773 15.38014221 3.57446647
1.39108360 7.71767044 1.67312741 4.23488569 0.57427210 0.22219786 8.66067314 2.83134174 15.34226894 3.57045031
1.36282134 7.57220984 1.65896308 4.14546490 0.56659383 0.20286559 8.63322163 2.82899070 15.30472088 3.56640291
1.33531857 7.42783546 1.64506733 4.05678511 0.55914181 0.18358734 8.60578156 2.82659316 15.26748466 3.56232429
1.30855048 7.28441429 1.63140607 3.96884298 0.55190068 0.16434188 8.57836246 2.82414794 15.23054981 3.55821419
1.28248870 7.14179277 1.61794341 3.88163257 0.54485422 0.14510915 8.55096817 2.82165408 15.19390297 3.55407214
1.25710273 6.99981451 1.60464323 3.79514503 0.53798616 0.12587017 8.52360725 2.81910920 15.15752983 3.54989791
1.23236060 6.85830832 1.59147000 3.70937037 0.53128088 0.10660711 8.49628544 2.81651235 15.12141895 3.54569197
1.20823109 6.71710587 1.57839000 3.62429571 0.52472281 0.08730312 8.46900463 2.81386209 15.08555889 3.54145360
1.18468392 6.57603741 1.56537163 3.53990769 0.51829839 0.06794222 8.44177437 2.81115675 15.04993629 3.53718376
1.16169190 6.43494415 1.55238783 3.45619273 0.51199520 0.04850988 8.41459656 2.80839539 15.01453972 3.53288221
1.13923156 6.29368162 1.53941560 3.37313795 0.50580299 0.02899525 8.38747787 2.80557752 14.97935772 3.52854991
1.11728120 6.15212250 1.52643561 3.29073048 0.49971193 0.00940186 8.36042118 2.80270338 14.94437885 3.52418804
1.09555340 6.00964832 1.51316333 3.20877576 0.49352542 0.00072173 8.33341408 2.79975033 14.90954018 3.51977682
1.07263041 5.86298943 1.49786818 3.12609625 0.48616114 0.00070227 8.30632973 2.79644370 14.87442112 3.51517940
1.05088007 5.71740770 1.48313606 3.04442930 0.47910032 0.00081888 8.27933311 2.79313731 14.83954144 3.51058340
1.02962947 5.57169199 1.46833944 2.96332598 0.47200853 0.00052353 8.25238323 2.78973126 14.80475426 3.50594378
1.00901139 5.42613506 1.45366526 2.88291717 0.46501091 0.00072462 8.22549343 2.78625774 14.77010059 3.50127697
0.98898238 5.28064346 1.43911755 2.80319881 0.45812359 0.00063739 8.19866085 2.78272724 14.73558617 3.49658918
0.96949381 5.13512230 1.42467213 2.72414207 0.45134223 0.00057447 8.17187881 2.77914000 14.70120525 3.49188113
0.95055276 4.98962164 1.41036856 2.64576411 0.44469219 0.00059740 8.14514256 2.77550673 14.66695881 3.48715949
0.93213171 4.84414244 1.39621282 2.56805348 0.43817538 0.00059377 8.11844444 2.77183318 14.63284492 3.48242664
0.91421455 4.69872379 1.38222778 2.49101138 0.43180025 0.00058703 8.09177303 2.76812553 14.59886742 3.47768664
0.89677787 4.55341053 1.36843538 2.41463590 0.42557141 0.00058884 8.06511784 2.76439047 14.56502056 3.47294235
0.87979656 4.40825939 1.35486007 2.33892655 0.41949245 0.00059179 8.03846550 2.76063275 14.53130722 3.46819687
0.86324328 4.26333475 1.34152865 2.26388502 0.41356614 0.00056250 8.01180267 2.75685763 14.49772453 3.46345305
0.84708822 4.11870718 1.32846904 2.18951321 0.40779394 0.00050288 7.98511410 2.75306964 14.46426868 3.45871258
0.83130139 3.97445345 1.31571126 2.11581421 0.40217686 0.00046143 7.95838594 2.74927211 14.43093872 3.45397782
0.81585640 3.83066034 1.30328572 2.04279256 0.39671421 0.00041197 7.93160200 2.74546862 14.39772892 3.44924951
0.80073124 3.68741751 1.29121876 1.97044909 0.39140266 0.00037378 7.90475035 2.74166036 14.36463070 3.44452810
0.78591210 3.54482198 1.27953672 1.89878690 0.38623902 0.00021100 7.87782001 2.73784709 14.33163834 3.43981266
0.77138102 3.40296292 1.26825297 1.82779694 0.38121694 0.00021244 7.85080481 2.73402548 14.29873848 3.43510222
0.75712299 3.26194978 1.25740099 1.75748968 0.37633938 0.00020936 7.82369947 2.73019767 14.26592541 3.43039680
0.74310553 3.12188196 1.24699795 1.68785965 0.37160137 0.00018920 7.79649973 2.72636390 14.23319817 3.42569661
0.72929990 2.98284817 1.23703420 1.61887288 0.36698815 0.00020906 7.76920176 2.72251749 14.20053959 3.42099953
0.71568793 2.84497070 1.22753012 1.55052245 0.36249521 0.00019569 7.74180460 2.71865940 14.16794682 3.41630459
0.70223707 2.70835662 1.21847296 1.48276782 0.35810852 0.00020515 7.71430683 2.71478462 14.13540840 3.41161036
0.68892795 2.57311201 1.20984256 1.41555643 0.35381350 0.00025972 7.68671036 2.71088672 14.10291004 3.40691471
0.67573351 2.43936777 1.20163381 1.34884977 0.34959769 0.00015602 7.65901709 2.70696640 14.07045174 3.40221596
0.66261780 2.30722260 1.19377768 1.28254533 0.34543717 0.00028312 7.63123035 2.70301056 14.03801060 3.39751101
0.64958864 2.17681885 1.18627441 1.21660376 0.34132576 0.00018748 7.60335541 2.69902062 14.00558376 3.39279842
0.63661504 2.04826355 1.17904019 1.15090632 0.33723772 0.00022142 7.57539797 2.69498658 13.97315502 3.38807464
0.62369442 1.92168200 1.17201960 1.08536363 0.33316123 0.00022237 7.54736710 2.69090295 13.94071484 3.38333774
0.61083400 1.79719377 1.16514671 1.01987779 0.32908323 0.00020253 7.51927328 2.68676448 13.90825367 3.37858438
0.59803867 1.67491353 1.15834022 0.95434284 0.32499191 0.00022172 7.49112749 2.68256450 13.87575912 3.37381244
0.58533001 1.55495214 1.15152693 0.88866615 0.32088134 0.00021890 7.46294546 2.67829800 13.84322548 3.36902022
0.57273179 1.43741405 1.14463282 0.82276356 0.31674778 0.00021658 7.43474293 2.67396188 13.81064224 3.36420608
0.56026906 1.32239139 1.13758194 0.75656080 0.31259000 0.00023147 7.40653563 2.66955113 13.77800751 3.35936761
0.54797029 1.20996726 1.13031316 0.69001210 0.30841148 0.00052386 7.37834072 2.66506433 13.74531269 3.35450482
0.53586107 1.10021007 1.12276602 0.62309152 0.30421528 0.00016003 7.35017586 2.66049933 13.71255589 3.34961653
0.52394688 0.99317056 1.11490226 0.55581498 0.30001190 0.00022501 7.32205391 2.65585685 13.67974281 3.34470439
0.51224679 0.88888425 1.10669744 0.48823929 0.29580891 0.00018353 7.29398537 2.65113974 13.64687347 3.33976960
0.50076640 0.78736746 1.09812200 0.42045859 0.29161173 0.00026388 7.26597786 2.64634824 13.61394882 3.33481216
0.48951885 0.68861759 1.08915770 0.35262814 0.28742695 0.00019456 7.23803663 2.64148474 13.58097267 3.32983303
0.47851080 0.59261388 1.07978880 0.28497681 0.28326228 0.00025565 7.21016550 2.63655019 13.54794693 3.32483387
0.46773931 0.49932265 1.06999648 0.21783461 0.27912265 0.00017882 7.18236637 2.63154769 13.51487160 3.31981492
0.45719463 0.40870565 1.05975497 0.15168810 0.27501112 0.00046877 7.15463877 2.62647724 13.48175144 3.31477714
0.44684705 0.32073799 1.04900229 0.08730014 0.27091962 0.00017560 7.12698030 2.62133694 13.44857502 3.30971932
0.43658525 0.23544262 1.03759408 0.02618575 0.26682377 0.00030846 7.09938574 2.61611915 13.41533661 3.30463982
0.42530948 0.15294111 1.02415466 0.00503606 0.26235893 0.00014785 7.07180214 2.61072063 13.38186073 3.29949880
0.41308883 0.07400054 1.00841188 0.00177369 0.25752717 0.00021681 7.04420996 2.60512018 13.34811401 3.29428816
0.40214381 0.00553717 0.99304330 0.00109392 0.25301689 0.00018573 7.01668406 2.59954524 13.31447315 3.28909993
0.39221328 0.00461394 0.97790402 0.00098588 0.24879771 0.00018180 6.98920107 2.59397697 13.28090668 3.28392768
0.38287073 0.00354325 0.96280104 0.00093379 0.24479949 0.00024044 6.96173048 2.58840537 13.24739838 3.27876568
0.37409005 0.00321790 0.94787222 0.00086350 0.24105109 0.00022372 6.93425512 2.58284140 13.21396923 3.27362013
0.36580566 0.00309126 0.93312460 0.00081989 0.23753817 0.00031488 6.90675116 2.57728434 13.18060589 3.26848936
0.35797668 0.00268941 0.91854149 0.00071540 0.23424502 0.00023762 6.87920332 2.57172704 13.14729977 3.26337051
0.35060185 0.00231225 0.90414321 0.00072386 0.23116115 0.00025659 6.85160112 2.56616831 13.11403275 3.25826263
0.34367728 0.00227932 0.88991594 0.00066873 0.22827129 0.00027641 6.82393789 2.56060171 13.08079815 3.25316167
0.33720627 0.00196516 0.87586331 0.00073940 0.22556213 0.00025016 6.79621410 2.55502319 13.04757690 3.24806666
0.33117872 0.00194660 0.86198658 0.00055687 0.22302221 0.00023646 6.76843309 2.54942918 13.01436615 3.24297476
0.32557604 0.00202904 0.84830558 0.00080495 0.22064252 0.00022308 6.74060154 2.54382014 12.98116016 3.23788595
0.32035786 0.00168257 0.83482331 0.00060347 0.21841422 0.00027251 6.71272612 2.53819394 12.94795513 3.23279929
0.31550553 0.00187105 0.82154262 0.00072672 0.21632625 0.00018638 6.68481493 2.53254890 12.91474342 3.22771406
0.31101879 0.00179297 0.80850661 0.00068376 0.21437472 0.00026697 6.65687943 2.52688718 12.88152695 3.22262955
0.30684203 0.00179140 0.79570287 0.00071081 0.21254794 0.00019440 6.62892771 2.52120590 12.84829712 3.21754575
0.30295992 0.00169493 0.78315574 0.00065710 0.21084023 0.00021716 6.60097075 2.51550651 12.81505871 3.21246243
0.29934746 0.00169110 0.77089101 0.00075822 0.20924677 0.00017426 6.57301712 2.50979018 12.78180695 3.20737982
0.29595003 0.00141691 0.75891489 0.00065322 0.20776129 0.00018840 6.54507351 2.50405765 12.74854374 3.20229864
0.29276389 0.00167687 0.74723089 0.00056913 0.20637478 0.00022014 6.51714611 2.49830770 12.71526623 3.19721794
0.28976941 0.00149275 0.73587126 0.00061831 0.20508195 0.00016609 6.48924208 2.49254274 12.68197250 3.19213843
0.28692552 0.00155376 0.72481275 0.00065818 0.20387448 0.00016319 6.46136236 2.48676038 12.64866161 3.18705964
0.28424358 0.00164398 0.71409804 0.00051252 0.20274888 0.00020419 6.43351412 2.48096442 12.61533260 3.18198228
0.28166690 0.00137377 0.70369345 0.00053686 0.20169561 0.00030027 6.40569782 2.47515202 12.58198357 3.17690587
0.27922118 0.00137483 0.69362140 0.00051158 0.20070976 0.00017349 6.37791634 2.46932316 12.54861259 3.17182994
0.27689344 0.00137772 0.68388498 0.00049843 0.19978510 0.00013593 6.35017347 2.46347857 12.51521492 3.16675448
0.27464885 0.00135589 0.67447197 0.00049712 0.19891797 0.00019368 6.32246971 2.45761776 12.48179150 3.16168022
0.27248919 0.00124240 0.66539383 0.00049763 0.19810382 0.00022572 6.29480696 2.45174289 12.44834328 3.15660691
0.27038732 0.00117562 0.65661633 0.00047978 0.19733585 0.00015405 6.26718426 2.44584966 12.41486168 3.15153337
0.26837733 0.00118001 0.64817572 0.00048660 0.19661169 0.00017115 6.23960447 2.43994164 12.38134670 3.14646053
0.26642796 0.00122666 0.64003354 0.00049314 0.19592465 0.00017926 6.21206760 2.43401504 12.34779739 3.14138746
0.26453677 0.00120778 0.63219905 0.00053492 0.19527274 0.00006007 6.18457365 2.42807198 12.31421089 3.13631463
0.26269501 0.00125568 0.62466025 0.00047378 0.19465396 0.00015427 6.15712404 2.42211223 12.28058624 3.13124204
0.26089096 0.00167865 0.61741108 0.00046706 0.19406548 0.00027611 6.12971926 2.41613603 12.24692440 3.12616968
0.25912735 0.00105052 0.61043131 0.00051138 0.19350170 0.00015700 6.10235596 2.41014147 12.21321487 3.12109661
0.25742751 0.00108539 0.60372663 0.00046495 0.19296065 0.00019162 6.07503748 2.40412784 12.17946243 3.11602259
0.25576636 0.00178083 0.59728795 0.00047445 0.19244196 0.00019044 6.04776430 2.39809728 12.14566231 3.11094809
0.25412849 0.00111047 0.59108555 0.00047920 0.19194397 0.00020535 6.02053642 2.39204693 12.11181068 3.10587311
0.25254264 0.00113704 0.58513421 0.00044550 0.19146249 0.00023317 5.99335527 2.38597894 12.07791138 3.10079718
0.25098601 0.00123511 0.57940406 0.00045395 0.19099626 0.00016036 5.96622038 2.37989092 12.04395676 3.09572029
0.24944977 0.00120942 0.57389879 0.00044981 0.19054732 0.00015347 5.93913364 2.37378550 12.00995255 3.09064269
0.24793431 0.00141532 0.56860685 0.00044039 0.19011366 0.00011197 5.91209173 2.36766219 11.97589397 3.08556461
0.24645324 0.00102916 0.56351358 0.00042443 0.18969153 0.00017493 5.88509703 2.36151886 11.94177532 3.08048534
0.24500123 0.00103899 0.55862230 0.00042234 0.18928380 0.00032033 5.85814953 2.35535789 11.90760136 3.07540512
0.24355350 0.00168234 0.55391115 0.00043573 0.18888983 0.00016717 5.83124876 2.34917855 11.87336922 3.07032466
0.24212453 0.00106874 0.54937476 0.00037342 0.18850844 0.00018148 5.80439234 2.34298110 11.83907413 3.06524396
0.24074118 0.00103778 0.54500353 0.00041435 0.18813394 0.00022737 5.77758217 2.33676243 11.80471420 3.06016088
0.23938465 0.00160359 0.54079133 0.00043073 0.18776716 0.00019480 5.75082016 2.33052468 11.77029133 3.05507660
0.23802806 0.00098252 0.53671831 0.00033755 0.18741296 0.00021225 5.72410440 2.32426763 11.73580170 3.04999185
0.23670679 0.00106112 0.53279865 0.00043457 0.18706605 0.00026872 5.69743681 2.31799245 11.70124531 3.04490590
0.23540357 0.00144276 0.52901042 0.00042858 0.18673034 0.00026242 5.67081785 2.31169724 11.66662025 3.03981924
0.23410295 0.00113788 0.52535886 0.00035374 0.18640521 0.00018825 5.64424562 2.30538607 11.63193035 3.03473234
0.23280932 0.00098404 0.52181041 0.00041590 0.18608679 0.00018526 5.61771774 2.29905415 11.59716606 3.02964449
0.23157138 0.00116477 0.51839429 0.00041640 0.18577413 0.00022230 5.59123802 2.29270291 11.56232929 3.02455473
0.23034045 0.00100321 0.51508421 0.00042880 0.18547143 0.00016233 5.56480646 2.28633261 11.52741814 3.01946449
0.22912094 0.00112401 0.51187092 0.00038181 0.18517487 0.00009699 5.53842354 2.27994323 11.49243164 3.01437330
0.22792123 0.00110055 0.50876319 0.00038646 0.18488733 0.00013871 5.51208925 2.27353644 11.45737076 3.00928187
0.22672804 0.00104570 0.50574255 0.00037974 0.18460993 0.00017299 5.48580122 2.26711059 11.42223263 3.00418973
0.22556011 0.00095879 0.50281590 0.00036082 0.18433826 0.00016263 5.45956135 2.26066589 11.38701725 2.99909663
0.22441381 0.00113140 0.49997458 0.00034360 0.18407340 0.00016136 5.43337011 2.25420260 11.35171795 2.99400282
0.22327739 0.00097064 0.49720955 0.00038078 0.18381713 0.00015714 5.40722799 2.24772072 11.31634045 2.98890853
0.22215971 0.00094920 0.49452034 0.00037143 0.18356732 0.00013833 5.38113403 2.24122000 11.28087807 2.98381376
0.22106086 0.00097579 0.49191114 0.00042329 0.18332802 0.00023314 5.35508966 2.23470187 11.24533463 2.97871804
0.21996514 0.00094488 0.48937237 0.00039548 0.18309779 0.00036667 5.32909489 2.22816777 11.20971107 2.97362328
0.21886748 0.00101769 0.48689228 0.00038406 0.18287666 0.00020540 5.30314589 2.22161531 11.17400074 2.96852803
0.21779725 0.00100392 0.48448899 0.00044715 0.18266369 0.00021987 5.27724457 2.21504664 11.13820648 2.96343303
0.21673635 0.00096551 0.48213771 0.00042971 0.18245725 0.00017479 5.25138950 2.20845914 11.10232258 2.95833755
0.21568555 0.00119098 0.47984827 0.00064354 0.18226032 0.00016935 5.22558069 2.20185494 11.06634998 2.95324254
0.21464443 0.00098924 0.47761366 0.00034992 0.18207157 0.00017356 5.19981766 2.19523406 11.03028965 2.94814801
0.21363124 0.00092597 0.47542572 0.00036826 0.18188514 0.00019006 5.17410040 2.18859291 10.99413204 2.94305229
0.21265253 0.00099948 0.47328547 0.00033812 0.18170293 0.00027974 5.14843082 2.18193245 10.95787525 2.93795538
0.21167465 0.00100895 0.47120106 0.00037302 0.18153264 0.00023069 5.12281132 2.17525721 10.92153168 2.93285942
0.21068971 0.00098626 0.46915478 0.00034206 0.18137150 0.00021002 5.09723854 2.16856551 10.88509464 2.92776442
0.20972587 0.00120735 0.46716061 0.00035837 0.18121840 0.00014368 5.07171297 2.16185737 10.84856033 2.92266941
0.20877133 0.00117231 0.46521056 0.00038496 0.18107215 0.00024225 5.04623461 2.15513325 10.81193066 2.91757512
0.20782816 0.00100985 0.46329573 0.00042787 0.18093248 0.00021279 5.02080154 2.14839125 10.77519798 2.91248107
0.20690379 0.00092839 0.46142593 0.00045967 0.18080153 0.00014567 4.99541569 2.14163351 10.73836899 2.90738750
0.20598567 0.00117504 0.45959425 0.00046612 0.18067864 0.00028652 4.97007656 2.13486028 10.70143890 2.90229440
0.20507210 0.00095324 0.45779470 0.00020316 0.18056451 0.00027122 4.94478321 2.12807059 10.66440582 2.89720249
0.20418021 0.00089464 0.45603642 0.00056941 0.18045695 0.00025988 4.91953611 2.12126493 10.62727070 2.89211082
0.20329736 0.00152392 0.45431179 0.00037371 0.18035738 0.00020739 4.89433575 2.11444378 10.59002972 2.88702035
0.20241509 0.00096169 0.45261568 0.00037365 0.18026383 0.00017360 4.86918116 2.10760689 10.55268383 2.88193035
0.20155521 0.00097092 0.45094922 0.00041459 0.18017446 0.00019920 4.84407187 2.10075235 10.51522732 2.87684107
