3.54200006 17.90758896 2.94072771 9.03963184 1.63610363 1.63610363 9.03963184 2.94072747 17.90759087 3.54199982
3.55476546 17.87369919 2.92943382 8.99268436 1.61100912 1.62306106 9.03129959 2.92869735 17.86556816 3.52116776
3.54856730 17.80963516 2.92217374 8.92912292 1.60179019 1.62009978 9.02210617 2.92735410 17.82248116 3.50559449
3.53777027 17.73705864 2.91456461 8.85992146 1.59688854 1.60687339 9.01559448 2.92681670 17.76776314 3.48921180
3.52639461 17.66373253 2.91257143 8.79999542 1.59361160 1.60173404 9.01220512 2.92153692 17.70221519 3.47121406
3.51434946 17.59430695 2.91922617 8.74366951 1.59402895 1.60207164 9.00737667 2.91857815 17.63916397 3.45778632
3.50388098 17.52079010 2.92515612 8.68703651 1.59509921 1.60521007 9.00034523 2.91741776 17.57958603 3.45022583
3.49317455 17.43234253 2.92321539 8.62302494 1.59588134 1.60684216 8.99106693 2.91774130 17.52205086 3.44547892
3.47985435 17.32448959 2.91165018 8.54695129 1.59269512 1.60124433 8.98088360 2.91765118 17.46493721 3.44068098
3.46307945 17.20092583 2.89244056 8.46074009 1.58392489 1.58617032 8.97103214 2.91640043 17.40615082 3.43402696
3.44434762 17.07160950 2.87124896 8.37193871 1.57221413 1.56658983 8.96140289 2.91402102 17.34619141 3.42686057
3.42524481 16.94326401 2.85249090 8.28496456 1.55997813 1.54688251 8.95167351 2.91119218 17.28687286 3.42085361
3.40637064 16.81790733 2.83702564 8.20036888 1.54783034 1.52785814 8.94183731 2.90836143 17.22899246 3.41636801
3.38780379 16.69572067 2.82439661 8.11760902 1.53580260 1.50925970 8.93192673 2.90561438 17.17261887 3.41328382
3.36950946 16.57634354 2.81380749 8.03610992 1.52380478 1.49076796 8.92201233 2.90293717 17.11767387 3.41138005
3.35137224 16.45920563 2.80447054 7.95533848 1.51171112 1.47210598 8.91213608 2.90030289 17.06399918 3.41039896
3.33324218 16.34366608 2.79577088 7.87484169 1.49942172 1.45311272 8.90230274 2.89769912 17.01144028 3.41009188
3.31502700 16.22919655 2.78724241 7.79431581 1.48687291 1.43375027 8.89250088 2.89512253 16.95988083 3.41025925
3.29668355 16.11539459 2.77854681 7.71356010 1.47401524 1.41403055 8.88270950 2.89257193 16.90924454 3.41073799
3.27820277 16.00197983 2.76946282 7.63245153 1.46080697 1.39397633 8.87291145 2.89004683 16.85947609 3.41139340
3.25959134 15.88879967 2.75990367 7.55094194 1.44723678 1.37363172 8.86309814 2.88755274 16.81054115 3.41212201
3.24085951 15.77576923 2.74989009 7.46904039 1.43332863 1.35306203 8.85325813 2.88510180 16.76242638 3.41285110
3.22201467 15.66282463 2.73949504 7.38678741 1.41912842 1.33234203 8.84338284 2.88270617 16.71512985 3.41354012
3.20305824 15.54989624 2.72879863 7.30423355 1.40469110 1.31154644 8.83346272 2.88037300 16.66865158 3.41417265
3.18398690 15.43690681 2.71786380 7.22143555 1.39007020 1.29074621 8.82349110 2.87810755 16.62300682 3.41474700
3.16480422 15.32379913 2.70672727 7.13844347 1.37531090 1.27000463 8.81346321 2.87591100 16.57820702 3.41526937
3.14551520 15.21053696 2.69541597 7.05530739 1.36045003 1.24937773 8.80338287 2.87378263 16.53426361 3.41574812
3.12612581 15.09711361 2.68396807 6.97207117 1.34552372 1.22891736 8.79324818 2.87172103 16.49118233 3.41618991
3.10663509 14.98354530 2.67243838 6.88877726 1.33057153 1.20867324 8.78306103 2.86972690 16.44896317 3.41659999
3.08704281 14.86985779 2.66088390 6.80546618 1.31563377 1.18869233 8.77282047 2.86780047 16.40760803 3.41698432
3.06734967 14.75607777 2.64935279 6.72217512 1.30074656 1.16901624 8.76252937 2.86594200 16.36711502 3.41735101
3.04755759 14.64223480 2.63788366 6.63893890 1.28594112 1.14968014 8.75218582 2.86415291 16.32747459 3.41770768
3.02766871 14.52835369 2.62650919 6.55578518 1.27124548 1.13071311 8.74179268 2.86243486 16.28867722 3.41805959
3.00768518 14.41446400 2.61525559 6.47274065 1.25668383 1.11213827 8.73134995 2.86078906 16.25070000 3.41841078
2.98760939 14.30058956 2.60414338 6.38982630 1.24227750 1.09397411 8.72085667 2.85921812 16.21352959 3.41876364
2.96744490 14.18674755 2.59318924 6.30706167 1.22804558 1.07623374 8.71031570 2.85772419 16.17713737 3.41911912
2.94719577 14.07296276 2.58240652 6.22446489 1.21400452 1.05892646 8.69972515 2.85630941 16.14149666 3.41947746
2.92686582 13.95925713 2.57180595 6.14205170 1.20016944 1.04205763 8.68908405 2.85497570 16.10657883 3.41983724
2.90646029 13.84564877 2.56139612 6.05983639 1.18655360 1.02562892 8.67839432 2.85372567 16.07236099 3.42019701
2.88598347 13.73215675 2.55118418 5.97783232 1.17316890 1.00963891 8.66765404 2.85256052 16.03880692 3.42055440
2.86544180 13.61880684 2.54117584 5.89605284 1.16002595 0.99408370 8.65686226 2.85148263 16.00589180 3.42090631
2.84484076 13.50561523 2.53137636 5.81451035 1.14713395 0.97895634 8.64601898 2.85049272 15.97358799 3.42124915
2.82418728 13.39260960 2.52178907 5.73321724 1.13450074 0.96424747 8.63512516 2.84959245 15.94187069 3.42158008
2.80348730 13.27980804 2.51241708 5.65218496 1.12213278 0.94994605 8.62417793 2.84878230 15.91071129 3.42189455
2.78274870 13.16723824 2.50326204 5.57142591 1.11003518 0.93603897 8.61317825 2.84806252 15.88008690 3.42218971
2.76197791 13.05492592 2.49432564 5.49095058 1.09821093 0.92251188 8.60212708 2.84743381 15.84997177 3.42246151
2.74118352 12.94289494 2.48560643 5.41077089 1.08666193 0.90934944 8.59102249 2.84689593 15.82034588 3.42270827
2.72037268 12.83116817 2.47710395 5.33089781 1.07538760 0.89653522 8.57986546 2.84644890 15.79118538 3.42292809
2.69955301 12.71977043 2.46881628 5.25134325 1.06438649 0.88405234 8.56865597 2.84609246 15.76246929 3.42311954
2.67873263 12.60872078 2.46074009 5.17211819 1.05365551 0.87188381 8.55739498 2.84582758 15.73418236 3.42328358
2.65791893 12.49803829 2.45287228 5.09323263 1.04319036 0.86001319 8.54608345 2.84565473 15.70630169 3.42342114
2.63711929 12.38773823 2.44520831 5.01469803 1.03298628 0.84842330 8.53472137 2.84557438 15.67881298 3.42353320
2.61634088 12.27783680 2.43774438 4.93652487 1.02303767 0.83709848 8.52331066 2.84558725 15.65169907 3.42362237
2.59559155 12.16834164 2.43047571 4.85872269 1.01333892 0.82602292 8.51185131 2.84569526 15.62494659 3.42368960
2.57487798 12.05926418 2.42339778 4.78130054 1.00388408 0.81518137 8.50034332 2.84589911 15.59853840 3.42373657
2.55420804 11.95061588 2.41650677 4.70426798 0.99466813 0.80455935 8.48879147 2.84619880 15.57246113 3.42376399
2.53358912 11.84241009 2.40979767 4.62763262 0.98568565 0.79414332 8.47719479 2.84659481 15.54670143 3.42377234
2.51302934 11.73465919 2.40326691 4.55140257 0.97693211 0.78392029 8.46555328 2.84708738 15.52124596 3.42376041
2.49253750 11.62738037 2.39690924 4.47558498 0.96840322 0.77387822 8.45387173 2.84767509 15.49608135 3.42372775
2.47212195 11.52058887 2.39072037 4.40018702 0.96009529 0.76400632 8.44215107 2.84835720 15.47119617 3.42367220
2.45179248 11.41431141 2.38469577 4.32521486 0.95200503 0.75429463 8.43039417 2.84913206 15.44657707 3.42359257
2.43155837 11.30856705 2.37883091 4.25067568 0.94412953 0.74473459 8.41860390 2.84999800 15.42221260 3.42348599
2.41142988 11.20338154 2.37312055 4.17657518 0.93646657 0.73531860 8.40678406 2.85095286 15.39808846 3.42335057
2.39141703 11.09878254 2.36755991 4.10291862 0.92901397 0.72604018 8.39493752 2.85199451 15.37419701 3.42318344
2.37153029 10.99480057 2.36214352 4.02971363 0.92176980 0.71689427 8.38307095 2.85312033 15.35052204 3.42298245
2.35178041 10.89146042 2.35686684 3.95696402 0.91473258 0.70787627 8.37118721 2.85432768 15.32705402 3.42274499
2.33217692 10.78879452 2.35172439 3.88467622 0.90790063 0.69898301 8.35929394 2.85561442 15.30377960 3.42246795
2.31273031 10.68683147 2.34671068 3.81285429 0.90127242 0.69021177 8.34739399 2.85697675 15.28069019 3.42214966
2.29344916 10.58559704 2.34182048 3.74150252 0.89484590 0.68156087 8.33549404 2.85841250 15.25776863 3.42178774
2.27434278 10.48511696 2.33704805 3.67062473 0.88861883 0.67302895 8.32360268 2.85991788 15.23500824 3.42138004
2.25541854 10.38541412 2.33238745 3.60022402 0.88258880 0.66461509 8.31172276 2.86148977 15.21239376 3.42092586
2.23668361 10.28651237 2.32783318 3.53030300 0.87675273 0.65631866 8.29986095 2.86312485 15.18991756 3.42042398
2.21814346 10.18842316 2.32337904 3.46086287 0.87110698 0.64813918 8.28802395 2.86481953 15.16756535 3.41987395
2.19980240 10.09116459 2.31901884 3.39190459 0.86564738 0.64007616 8.27621555 2.86657000 15.14532757 3.41927600
2.18166399 9.99474049 2.31474614 3.32342863 0.86036938 0.63212878 8.26443958 2.86837339 15.12319946 3.41863132
2.16372967 9.89915657 2.31055522 3.25543356 0.85526776 0.62429643 8.25269985 2.87022591 15.10116577 3.41794038
2.14600134 9.80441475 2.30643940 3.18791890 0.85033697 0.61657822 8.24100018 2.87212443 15.07922268 3.41720581
2.12847781 9.71050739 2.30239296 3.12088323 0.84557116 0.60897303 8.22934151 2.87406564 15.05735970 3.41642952
2.11115837 9.61743069 2.29841018 3.05432558 0.84096432 0.60147977 8.21772480 2.87604713 15.03557301 3.41561532
2.09404039 9.52517223 2.29448509 2.98824477 0.83651012 0.59409732 8.20614910 2.87806535 15.01385021 3.41476607
2.07712102 9.43371391 2.29061317 2.92264056 0.83220237 0.58682454 8.19461441 2.88011909 14.99219322 3.41388559
2.06039572 9.34303856 2.28678918 2.85751319 0.82803488 0.57966006 8.18311501 2.88220549 14.97059250 3.41297841
2.04385877 9.25312614 2.28300834 2.79286313 0.82400125 0.57260269 8.17164993 2.88432336 14.94904423 3.41205001
2.02750421 9.16394806 2.27926660 2.72869253 0.82009548 0.56565106 8.16021347 2.88647223 14.92754364 3.41110492
2.01132441 9.07547474 2.27555895 2.66500378 0.81631124 0.55880308 8.14879704 2.88865066 14.90608501 3.41014838
1.99531209 8.98767567 2.27188039 2.60180068 0.81264240 0.55205601 8.13739681 2.89085770 14.88466549 3.40918493
1.97945952 8.90050983 2.26822567 2.53908896 0.80908263 0.54540622 8.12600231 2.89309263 14.86327744 3.40821886
1.96376061 8.81394100 2.26458859 2.47687697 0.80562568 0.53884852 8.11460686 2.89535379 14.84190941 3.40725183
1.94821167 8.72793102 2.26096368 2.41517901 0.80226582 0.53237814 8.10320187 2.89763927 14.82055569 3.40628338
1.93281138 8.64244843 2.25734878 2.35401797 0.79899788 0.52599126 8.09178257 2.89994574 14.79920006 3.40531111
1.91756117 8.55747128 2.25374603 2.29342794 0.79581857 0.51968801 8.08034039 2.90227199 14.77783108 3.40433073
1.90246332 8.47299194 2.25016189 2.23345256 0.79272598 0.51347208 8.06887531 2.90461636 14.75643730 3.40333676
1.88752103 8.38900948 2.24660563 2.17414308 0.78971928 0.50734961 8.05738354 2.90697765 14.73501110 3.40232539
1.87273777 8.30552769 2.24308729 2.11555576 0.78679782 0.50132698 8.04586506 2.90935564 14.71354103 3.40129256
1.85811758 8.22255611 2.23961544 2.05774927 0.78396088 0.49541047 8.03432178 2.91174769 14.69202423 3.40023518
1.84366500 8.14010239 2.23619866 2.00078607 0.78120768 0.48960608 8.02275753 2.91415238 14.67045307 3.39915013
1.82938588 8.05818176 2.23284554 1.94473159 0.77853787 0.48392016 8.01117420 2.91656828 14.64882374 3.39803505
1.81528592 7.97680902 2.22956324 1.88965333 0.77595091 0.47835815 7.99957657 2.91899323 14.62713146 3.39688683
1.80137205 7.89600086 2.22635984 1.83562100 0.77344620 0.47292569 7.98797178 2.92142463 14.60537720 3.39570332
1.78765178 7.81577635 2.22324252 1.78270435 0.77102321 0.46762729 7.97636509 2.92385936 14.58355427 3.39448214
1.77413285 7.73615551 2.22021770 1.73097408 0.76868117 0.46246770 7.96476603 2.92629480 14.56166172 3.39322042
1.76082265 7.65715981 2.21729231 1.68049955 0.76641923 0.45745054 7.95318270 2.92872763 14.53969765 3.39191628
1.74773014 7.57881260 2.21447182 1.63134813 0.76423621 0.45257926 7.94162464 2.93115401 14.51766300 3.39056730
1.73486233 7.50113487 2.21176100 1.58358431 0.76213092 0.44785684 7.93010235 2.93357038 14.49555492 3.38917232
1.72222650 7.42414618 2.20916390 1.53726792 0.76010180 0.44328564 7.91862583 2.93597245 14.47337627 3.38772964
1.70982850 7.34786510 2.20668221 1.49245322 0.75814694 0.43886763 7.90720558 2.93835640 14.45112610 3.38623953
1.69767296 7.27230310 2.20431638 1.44918787 0.75626445 0.43460426 7.89585161 2.94071817 14.42880726 3.38470173
1.68576241 7.19746780 2.20206404 1.40751123 0.75445139 0.43049592 7.88457346 2.94305444 14.40642643 3.38311791
1.67409766 7.12336111 2.19992161 1.36745465 0.75270504 0.42654222 7.87337875 2.94536185 14.38398170 3.38148975
1.66267729 7.04997730 2.19788289 1.32903993 0.75102180 0.42274114 7.86227369 2.94763732 14.36147881 3.37981963
1.65149844 6.97730541 2.19594049 1.29227972 0.74939775 0.41908991 7.85126495 2.94987798 14.33892155 3.37811065
1.64055681 6.90532589 2.19408607 1.25717676 0.74782854 0.41558415 7.84035587 2.95208144 14.31631279 3.37636471
1.62984681 6.83401680 2.19231081 1.22372472 0.74630976 0.41221887 7.82954788 2.95424509 14.29365253 3.37458420
1.61936235 6.76335192 2.19060469 1.19190824 0.74483675 0.40898824 7.81884289 2.95636654 14.27094078 3.37277102
1.60909688 6.69330072 2.18895912 1.16170299 0.74340469 0.40588602 7.80824089 2.95844340 14.24818134 3.37092638
1.59904313 6.62383080 2.18736529 1.13307655 0.74200898 0.40290597 7.79774237 2.96047282 14.22537041 3.36905122
1.58919430 6.55490971 2.18581486 1.10599017 0.74064505 0.40004203 7.78734541 2.96245265 14.20250893 3.36714578
1.57954311 6.48650169 2.18429947 1.08039773 0.73930836 0.39728814 7.77704906 2.96438003 14.17959309 3.36521077
1.57008231 6.41857004 2.18281221 1.05624783 0.73799491 0.39463866 7.76685143 2.96625257 14.15662384 3.36324573
1.56080532 6.35108185 2.18134594 1.03348482 0.73670065 0.39208850 7.75675058 2.96806788 14.13359547 3.36125040
1.55170500 6.28399992 2.17989469 1.01204872 0.73542202 0.38963225 7.74674463 2.96982265 14.11050701 3.35922480
1.54277503 6.21728849 2.17845225 0.99187720 0.73415565 0.38726541 7.73683214 2.97151542 14.08735466 3.35716772
1.53400910 6.15091372 2.17701364 0.97290593 0.73289871 0.38498339 7.72701073 2.97314382 14.06413746 3.35507965
1.52540159 6.08484316 2.17557383 0.95507020 0.73164821 0.38278246 7.71727753 2.97470593 14.04085255 3.35295963
1.51694715 6.01904583 2.17412853 0.93830407 0.73040187 0.38065842 7.70763111 2.97619987 14.01749706 3.35080719
1.50864029 5.95348978 2.17267442 0.92254269 0.72915769 0.37860778 7.69807005 2.97762394 13.99406719 3.34862161
1.50047684 5.88814497 2.17120790 0.90772253 0.72791362 0.37662727 7.68859196 2.97897744 13.97056198 3.34640288
1.49245214 5.82298565 2.16972566 0.89378071 0.72666824 0.37471333 7.67919540 2.98025894 13.94697857 3.34415054
1.48456264 5.75798464 2.16822577 0.88065690 0.72542012 0.37286320 7.66987753 2.98146749 13.92331505 3.34186435
1.47680473 5.69312000 2.16670632 0.86829293 0.72416836 0.37107405 7.66063738 2.98260236 13.89956951 3.33954430
1.46917498 5.62836885 2.16516471 0.85663307 0.72291195 0.36934295 7.65147209 2.98366380 13.87573719 3.33718991
1.46167088 5.56371164 2.16360068 0.84562421 0.72165024 0.36766756 7.64238214 2.98465085 13.85182095 3.33480120
1.45428979 5.49913120 2.16201258 0.83521616 0.72038269 0.36604536 7.63336372 2.98556423 13.82781601 3.33237815
1.44702888 5.43461037 2.16039968 0.82536089 0.71910876 0.36447388 7.62441587 2.98640347 13.80372047 3.32992125
1.43988657 5.37013626 2.15876126 0.81601423 0.71782839 0.36295122 7.61553717 2.98716974 13.77953529 3.32743001
1.43286026 5.30569649 2.15709758 0.80713457 0.71654135 0.36147508 7.60672569 2.98786211 13.75525665 3.32490492
1.42594862 5.24128103 2.15540838 0.79868299 0.71524763 0.36004367 7.59798002 2.98848248 13.73088455 3.32234550
1.41914928 5.17688322 2.15369368 0.79062337 0.71394724 0.35865512 7.58929920 2.98903155 13.70641518 3.31975245
1.41246057 5.11249447 2.15195370 0.78292233 0.71264023 0.35730734 7.58068132 2.98950958 13.68185139 3.31712627
1.40588069 5.04811430 2.15018892 0.77554959 0.71132702 0.35599896 7.57212448 2.98991776 13.65718937 3.31446695
1.39940763 4.98373842 2.14839983 0.76847667 0.71000755 0.35472810 7.56362820 2.99025702 13.63243008 3.31177497
1.39303958 4.91936731 2.14658761 0.76167828 0.70868218 0.35349330 7.55519056 2.99052882 13.60757160 3.30905080
1.38677442 4.85500288 2.14475226 0.75513124 0.70735121 0.35229304 7.54681015 2.99073386 13.58261108 3.30629396
1.38060987 4.79064989 2.14289546 0.74881446 0.70601493 0.35112584 7.53848600 2.99087429 13.55755234 3.30350590
1.37454391 4.72631550 2.14101791 0.74270910 0.70467389 0.34999025 7.53021574 2.99095035 13.53239250 3.30068660
1.36857367 4.66200590 2.13912010 0.73679847 0.70332831 0.34888491 7.52199984 2.99096394 13.50712967 3.29783630
1.36269641 4.59773302 2.13720393 0.73106742 0.70197874 0.34780869 7.51383543 2.99091625 13.48176575 3.29495573
1.35690928 4.53350782 2.13527036 0.72550261 0.70062548 0.34676003 7.50572205 2.99080896 13.45629883 3.29204512
1.35120928 4.46934843 2.13332009 0.72009289 0.69926912 0.34573802 7.49765825 2.99064326 13.43072891 3.28910565
1.34559298 4.40526819 2.13135505 0.71482766 0.69791007 0.34474134 7.48964310 2.99042130 13.40505505 3.28613687
1.34005690 4.34128809 2.12937617 0.70969802 0.69654864 0.34376904 7.48167515 2.99014401 13.37927818 3.28314018
1.33459747 4.27742863 2.12738490 0.70469683 0.69518548 0.34281984 7.47375345 2.98981261 13.35339737 3.28011608
1.32921088 4.21371317 2.12538266 0.69981718 0.69382113 0.34189278 7.46587658 2.98942971 13.32741261 3.27706504
1.32389319 4.15016651 2.12336993 0.69505364 0.69245583 0.34098697 7.45804358 2.98899603 13.30132389 3.27398753
1.31864035 4.08681536 2.12134933 0.69040161 0.69109023 0.34010151 7.45025349 2.98851347 13.27513218 3.27088380
1.31344819 4.02368879 2.11932158 0.68585736 0.68972474 0.33923548 7.44250488 2.98798370 13.24883556 3.26775551
1.30831265 3.96081567 2.11728764 0.68141758 0.68835992 0.33838820 7.43479586 2.98740816 13.22243500 3.26460266
1.30322957 3.89822793 2.11524940 0.67707944 0.68699610 0.33755893 7.42712688 2.98678875 13.19593048 3.26142645
1.29819453 3.83595729 2.11320782 0.67284095 0.68563384 0.33674696 7.41949654 2.98612666 13.16932011 3.25822759
1.29320323 3.77403617 2.11116457 0.66870052 0.68427354 0.33595172 7.41190290 2.98542380 13.14260864 3.25500679
1.28825176 3.71249819 2.10912013 0.66465640 0.68291581 0.33517283 7.40434408 2.98468184 13.11579227 3.25176525
1.28333557 3.65137672 2.10707617 0.66070813 0.68156081 0.33440983 7.39682055 2.98390198 13.08887196 3.24850345
1.27845061 3.59070444 2.10503316 0.65685427 0.68020922 0.33366260 7.38933039 2.98308659 13.06184959 3.24522305
1.27359247 3.53051376 2.10299253 0.65309435 0.67886144 0.33293080 7.38187170 2.98223662 13.03472424 3.24192476
1.26875722 3.47083688 2.10095501 0.64942783 0.67751795 0.33221471 7.37444353 2.98135448 13.00749683 3.23861027
1.26394069 3.41170406 2.09892130 0.64585453 0.67617923 0.33151463 7.36704493 2.98044157 12.98016453 3.23528075
1.25913870 3.35314417 2.09689212 0.64237332 0.67484558 0.33083111 7.35967350 2.97949934 12.95273495 3.23193812
1.25434709 3.29518342 2.09486771 0.63898420 0.67351764 0.33016500 7.35232782 2.97853041 12.92520237 3.22858381
1.24956155 3.23784661 2.09284830 0.63568658 0.67219591 0.32951757 7.34500551 2.97753596 12.89757061 3.22522044
1.24477792 3.18115568 2.09083438 0.63247961 0.67088079 0.32889056 7.33770514 2.97651839 12.86983776 3.22185016
1.23999190 3.12512827 2.08882499 0.62936300 0.66957301 0.32828629 7.33042336 2.97548008 12.84200954 3.21847558
1.23519886 3.06977844 2.08682036 0.62633550 0.66827309 0.32770711 7.32315874 2.97442293 12.81408024 3.21509981
1.23039460 3.01511669 2.08481884 0.62339509 0.66698158 0.32715562 7.31590748 2.97334933 12.78605461 3.21172571
1.22557437 2.96114850 2.08281946 0.62054074 0.66569930 0.32663366 7.30866623 2.97226262 12.75793171 3.20835662
1.22073424 2.90787435 2.08082104 0.61776996 0.66442657 0.32614192 7.30143023 2.97116494 12.72971153 3.20499516
1.21587110 2.85528946 2.07882166 0.61508054 0.66316384 0.32567865 7.29419661 2.97005868 12.70139122 3.20164275
1.21098244 2.80338860 2.07681894 0.61246932 0.66191065 0.32523766 7.28696012 2.96894693 12.67296696 3.19830060
1.20606804 2.75216627 2.07481217 0.60993493 0.66066694 0.32480943 7.27971554 2.96783042 12.64443302 3.19496679
1.20113051 2.70162630 2.07280040 0.60747570 0.65943193 0.32438219 7.27245855 2.96670914 12.61578274 3.19163775
1.19617462 2.65178514 2.07078433 0.60509104 0.65820509 0.32394576 7.26518488 2.96558237 12.58700466 3.18830943
1.19120657 2.60267496 2.06876564 0.60278136 0.65698588 0.32349432 7.25789118 2.96444845 12.55809593 3.18497682
1.18623245 2.55433750 2.06674743 0.60054749 0.65577430 0.32302579 7.25057554 2.96330571 12.52904606 3.18163610
1.18125796 2.50681520 2.06473184 0.59838980 0.65457022 0.32253969 7.24323416 2.96215272 12.49985123 3.17828345
1.17628765 2.46015048 2.06272078 0.59630817 0.65337354 0.32203722 7.23586750 2.96098828 12.47050858 3.17491627
1.17132616 2.41438174 2.06071711 0.59430206 0.65218449 0.32151949 7.22847366 2.95981216 12.44101620 3.17153287
1.16637695 2.36954546 2.05872107 0.59237051 0.65100300 0.32098815 7.22105265 2.95862365 12.41136837 3.16813183
1.16144371 2.32567501 2.05673456 0.59051102 0.64982945 0.32044518 7.21360493 2.95742273 12.38156891 3.16471148
1.15652955 2.28280139 2.05475879 0.58872169 0.64866370 0.31989211 7.20613050 2.95620918 12.35161400 3.16127133
1.15163779 2.24095297 2.05279469 0.58700007 0.64750612 0.31933105 7.19862986 2.95498300 12.32150555 3.15781093
1.14677119 2.20015645 2.05084300 0.58534336 0.64635676 0.31876302 7.19110441 2.95374537 12.29124260 3.15432978
1.14193308 2.16043687 2.04890466 0.58374846 0.64521569 0.31818947 7.18355465 2.95249557 12.26082611 3.15082765
1.13712621 2.12181735 2.04698062 0.58221304 0.64408296 0.31761146 7.17598152 2.95123410 12.23025894 3.14730406
1.13235366 2.08431911 2.04507136 0.58073324 0.64295852 0.31702939 7.16838789 2.94996190 12.19953537 3.14375877
1.12761855 2.04796243 2.04317832 0.57930624 0.64184237 0.31644377 7.16077518 2.94867826 12.16866493 3.14019084
1.12292373 2.01276803 2.04130197 0.57792836 0.64073431 0.31585458 7.15314627 2.94738364 12.13764381 3.13660002
1.11827171 1.97875345 2.03944397 0.57659632 0.63963413 0.31526181 7.14550304 2.94607854 12.10647392 3.13298559
1.11366439 1.94593585 2.03760529 0.57530624 0.63854158 0.31466576 7.13784885 2.94476199 12.07515717 3.12934637
1.10910273 1.91432726 2.03578782 0.57405519 0.63745624 0.31406736 7.13018656 2.94343543 12.04369450 3.12568188
1.10458577 1.88393104 2.03399253 0.57284099 0.63637805 0.31346858 7.12252045 2.94209862 12.01209068 3.12199259
1.10011137 1.85473788 2.03222060 0.57166231 0.63530672 0.31287247 7.11485577 2.94075227 11.98034954 3.11827922
