7.78764915 17.66834831 10.28010845 10.11070347 2.42670798 2.42670798 10.11070347 10.28010845 17.66834831 7.78764915
7.79135609 17.60610962 10.28625584 10.11233234 2.42612100 2.42612100 10.11233234 10.28625584 17.60610771 7.79135609
7.79080725 17.53165054 10.27830505 10.10878849 2.42232013 2.42232013 10.10878849 10.27830505 17.53165054 7.79080772
7.78569078 17.45600700 10.27234650 10.10627460 2.41941929 2.41941929 10.10627460 10.27234650 17.45600700 7.78569078
7.77849770 17.38030243 10.26679611 10.10366821 2.41708088 2.41708088 10.10366821 10.26679611 17.38030243 7.77849770
7.77152967 17.30484962 10.26136112 10.10065842 2.41466761 2.41466761 10.10065842 10.26136112 17.30484772 7.77152967
7.76360130 17.23047638 10.25577927 10.09729481 2.41225362 2.41225362 10.09729481 10.25577831 17.23047638 7.76360130
7.75562668 17.15675926 10.25011826 10.09347153 2.40967727 2.40967727 10.09347153 10.25011826 17.15675926 7.75562716
7.74749613 17.08380127 10.24454498 10.08926105 2.40695429 2.40695429 10.08926105 10.24454403 17.08380318 7.74749613
7.73977518 17.01066971 10.23956776 10.08482838 2.40417027 2.40417027 10.08482838 10.23956776 17.01066780 7.73977518
7.73214245 16.93946648 10.23588371 10.08047867 2.40152359 2.40152359 10.08047867 10.23588276 16.93946457 7.73214245
7.72357464 16.87157249 10.23194408 10.07633018 2.39886737 2.39886737 10.07632923 10.23194408 16.87157440 7.72357416
7.71301889 16.80424309 10.22611523 10.07219219 2.39618945 2.39618945 10.07219219 10.22611523 16.80424309 7.71301842
7.70222950 16.73705482 10.21936607 10.06799698 2.39359760 2.39359760 10.06799698 10.21936703 16.73705482 7.70222950
7.69137859 16.67054176 10.21187687 10.06365681 2.39099193 2.39099193 10.06365681 10.21187592 16.67054176 7.69137859
7.68036413 16.60503387 10.20370674 10.05912876 2.38833976 2.38833976 10.05912876 10.20370674 16.60503387 7.68036461
7.66940975 16.54080582 10.19509029 10.05443668 2.38562536 2.38562536 10.05443668 10.19509029 16.54080391 7.66940975
7.65873194 16.47798538 10.18615150 10.04958057 2.38281202 2.38281202 10.04958057 10.18615150 16.47798538 7.65873194
7.64823818 16.41629219 10.17671204 10.04455376 2.37983227 2.37983227 10.04455376 10.17671204 16.41629410 7.64823866
7.63782358 16.35556984 10.16673851 10.03935242 2.37668633 2.37668633 10.03935242 10.16673946 16.35557175 7.63782406
7.62741375 16.29574013 10.15628052 10.03398895 2.37340641 2.37340641 10.03398895 10.15628052 16.29574013 7.62741375
7.61697531 16.23680878 10.14540100 10.02847004 2.37001872 2.37001872 10.02847004 10.14540100 16.23680878 7.61697531
7.60649729 16.17876053 10.13413334 10.02280426 2.36653090 2.36653090 10.02280426 10.13413429 16.17876053 7.60649729
7.59597588 16.12158203 10.12250900 10.01699543 2.36294508 2.36294508 10.01699543 10.12250900 16.12158203 7.59597588
7.58540964 16.06525040 10.11055470 10.01104736 2.35926509 2.35926509 10.01104736 10.11055565 16.06524849 7.58540964
7.57479763 16.00974655 10.09830189 10.00496292 2.35549664 2.35549664 10.00496292 10.09830189 16.00974655 7.57479763
7.56414175 15.95506001 10.08577919 9.99874592 2.35164571 2.35164571 9.99874592 10.08577919 15.95505905 7.56414175
7.55344439 15.90118694 10.07301426 9.99240017 2.34771800 2.34771800 9.99240017 10.07301521 15.90118694 7.55344486
7.54270411 15.84813881 10.06003857 9.98592854 2.34371853 2.34371853 9.98592854 10.06003857 15.84813690 7.54270411
7.53191376 15.79592037 10.04687500 9.97933388 2.33965254 2.33965254 9.97933388 10.04687500 15.79592133 7.53191423
7.52105856 15.74454880 10.03354168 9.97261906 2.33552265 2.33552265 9.97262001 10.03354263 15.74454880 7.52105761
7.51011848 15.69402409 10.02004910 9.96578598 2.33133006 2.33133006 9.96578503 10.02004910 15.69402409 7.51011848
7.49907970 15.64434528 10.00639153 9.95883274 2.32707262 2.32707238 9.95883274 10.00639248 15.64434433 7.49908018
7.48793554 15.59550667 9.99256039 9.95175934 2.32274604 2.32274604 9.95175934 9.99255943 15.59550667 7.48793554
7.47668552 15.54749107 9.97853661 9.94456196 2.31834555 2.31834555 9.94456196 9.97853661 15.54749012 7.47668552
7.46533585 15.50026512 9.96430588 9.93724060 2.31386638 2.31386638 9.93724060 9.96430588 15.50026512 7.46533537
7.45388842 15.45379162 9.94985390 9.92979622 2.30930471 2.30930471 9.92979622 9.94985390 15.45379257 7.45388842
7.44234610 15.40805244 9.93516636 9.92222595 2.30465627 2.30465627 9.92222595 9.93516636 15.40805244 7.44234610
7.43070984 15.36304092 9.92023468 9.91453457 2.29991913 2.29991913 9.91453457 9.92023468 15.36303997 7.43070984
7.41897964 15.31875610 9.90505791 9.90672302 2.29508996 2.29508996 9.90672302 9.90505791 15.31875610 7.41897964
7.40715885 15.27519703 9.88963795 9.89879513 2.29016638 2.29016638 9.89879417 9.88963890 15.27519703 7.40715885
7.39525223 15.23237610 9.87398624 9.89075375 2.28514528 2.28514528 9.89075279 9.87398720 15.23237514 7.39525223
7.38326263 15.19032001 9.85811520 9.88260555 2.28002453 2.28002453 9.88260555 9.85811615 15.19032097 7.38326263
7.37119579 15.14905548 9.84204483 9.87435341 2.27480268 2.27480268 9.87435341 9.84204483 15.14905453 7.37119579
7.35905981 15.10857487 9.82579231 9.86600304 2.26947999 2.26947999 9.86600304 9.82579136 15.10857677 7.35905933
7.34686565 15.06885052 9.80937576 9.85755444 2.26405954 2.26405954 9.85755444 9.80937576 15.06885147 7.34686613
7.33462954 15.02982616 9.79281330 9.84901237 2.25854540 2.25854516 9.84901237 9.79281330 15.02982712 7.33462954
7.32236671 14.99144173 9.77612019 9.84037781 2.25294328 2.25294328 9.84037781 9.77612019 14.99144173 7.32236719
7.31009340 14.95363712 9.75931263 9.83164978 2.24725938 2.24725938 9.83164978 9.75931263 14.95363808 7.31009293
7.29782295 14.91637993 9.74240303 9.82282734 2.24149919 2.24149919 9.82282734 9.74240303 14.91638184 7.29782295
7.28556824 14.87965679 9.72540474 9.81390858 2.23566842 2.23566842 9.81390953 9.72540474 14.87965775 7.28556871
7.27334213 14.84345245 9.70832729 9.80489445 2.22977090 2.22977066 9.80489445 9.70832729 14.84345341 7.27334166
7.26115179 14.80775738 9.69118023 9.79578114 2.22381020 2.22381020 9.79578114 9.69118023 14.80775833 7.26115179
7.24900723 14.77255154 9.67397118 9.78656864 2.21778917 2.21778917 9.78656864 9.67397118 14.77255154 7.24900723
7.23691368 14.73779488 9.65670204 9.77725601 2.21170926 2.21170902 9.77725601 9.65670204 14.73779488 7.23691368
7.22487783 14.70344353 9.63937473 9.76784134 2.20556974 2.20556974 9.76784134 9.63937473 14.70344353 7.22487688
7.21290255 14.66945171 9.62198830 9.75832367 2.19937038 2.19937038 9.75832367 9.62198830 14.66945171 7.21290302
7.20099354 14.63578606 9.60454082 9.74870205 2.19310880 2.19310880 9.74870205 9.60454082 14.63578796 7.20099354
7.18915224 14.60242939 9.58703041 9.73897648 2.18678403 2.18678403 9.73897648 9.58703041 14.60242939 7.18915272
7.17738104 14.56937122 9.56945801 9.72914791 2.18039632 2.18039632 9.72914791 9.56945801 14.56937122 7.17738104
7.16568089 14.53661442 9.55182362 9.71921730 2.17394519 2.17394519 9.71921730 9.55182457 14.53661346 7.16568041
7.15405083 14.50416374 9.53413200 9.70918465 2.16743183 2.16743183 9.70918560 9.53413200 14.50416470 7.15405083
7.14249229 14.47202301 9.51638603 9.69905281 2.16085768 2.16085768 9.69905281 9.51638603 14.47202110 7.14249182
7.13100338 14.44018650 9.49859142 9.68882179 2.15422463 2.15422463 9.68882179 9.49859047 14.44018650 7.13100338
7.11958599 14.40864754 9.48075199 9.67849350 2.14753509 2.14753509 9.67849350 9.48075199 14.40864849 7.11958599
7.10824156 14.37739372 9.46287346 9.66806793 2.14079118 2.14079118 9.66806793 9.46287346 14.37739372 7.10824156
7.09697008 14.34640694 9.44496059 9.65754700 2.13399458 2.13399482 9.65754700 9.44496059 14.34640598 7.09697008
7.08577299 14.31567001 9.42701626 9.64693069 2.12714767 2.12714791 9.64693069 9.42701721 14.31567001 7.08577299
7.07465076 14.28517056 9.40904427 9.63622093 2.12025142 2.12025142 9.63621998 9.40904427 14.28517056 7.07465029
7.06360340 14.25489235 9.39104462 9.62541580 2.11330652 2.11330652 9.62541580 9.39104462 14.25489235 7.06360388
7.05263233 14.22482872 9.37302113 9.61451721 2.10631442 2.10631442 9.61451721 9.37302208 14.22482777 7.05263186
7.04173613 14.19496727 9.35497570 9.60352612 2.09927607 2.09927607 9.60352612 9.35497570 14.19496632 7.04173613
7.03091478 14.16529942 9.33690834 9.59244156 2.09219217 2.09219217 9.59244156 9.33690834 14.16529846 7.03091478
7.02016830 14.13581753 9.31882286 9.58126545 2.08506346 2.08506346 9.58126545 9.31882286 14.13581657 7.02016878
7.00949764 14.10651779 9.30072021 9.56999683 2.07789087 2.07789087 9.56999683 9.30072021 14.10651684 7.00949764
6.99890089 14.07739162 9.28260231 9.55863667 2.07067609 2.07067609 9.55863762 9.28260231 14.07739067 6.99890089
6.98837852 14.04843616 9.26447201 9.54718685 2.06341958 2.06341958 9.54718685 9.26447296 14.04843521 6.98837852
6.97793007 14.01964569 9.24633217 9.53564548 2.05612278 2.05612278 9.53564548 9.24633217 14.01964569 6.97793007
6.96755600 13.99101830 9.22818375 9.52401543 2.04878712 2.04878712 9.52401543 9.22818375 13.99101830 6.96755552
6.95725536 13.96254730 9.21003056 9.51229668 2.04141355 2.04141355 9.51229572 9.21003056 13.96254730 6.95725536
6.94702959 13.93423367 9.19187355 9.50048828 2.03400326 2.03400326 9.50048828 9.19187450 13.93423271 6.94702911
6.93687773 13.90607071 9.17371655 9.48859215 2.02655697 2.02655697 9.48859215 9.17371655 13.90607071 6.93687773
6.92680120 13.87805748 9.15556049 9.47660923 2.01907635 2.01907635 9.47660923 9.15556049 13.87805748 6.92680073
6.91679955 13.85019112 9.13741016 9.46453953 2.01156282 2.01156282 9.46453953 9.13741016 13.85019112 6.91679955
6.90687513 13.82246780 9.11926746 9.45238400 2.00401688 2.00401688 9.45238400 9.11926746 13.82246780 6.90687513
6.89702845 13.79488373 9.10113525 9.44014359 1.99644017 1.99644029 9.44014359 9.10113525 13.79488373 6.89702845
6.88726139 13.76743412 9.08301640 9.42782021 1.98883426 1.98883426 9.42782021 9.08301640 13.76743412 6.88726139
6.87757587 13.74011612 9.06491470 9.41541195 1.98119962 1.98119962 9.41541195 9.06491470 13.74011612 6.87757540
6.86797142 13.71292591 9.04683304 9.40292263 1.97353816 1.97353816 9.40292263 9.04683304 13.71292591 6.86797142
6.85845089 13.68585777 9.02877331 9.39035225 1.96585059 1.96585059 9.39035225 9.02877235 13.68585682 6.85845089
6.84901476 13.65891075 9.01073837 9.37770176 1.95813847 1.95813847 9.37770176 9.01073837 13.65890980 6.84901524
6.83966351 13.63208008 8.99273109 9.36497116 1.95040262 1.95040262 9.36497116 8.99273014 13.63208008 6.83966351
6.83039713 13.60536575 8.97475243 9.35216236 1.94264400 1.94264400 9.35216236 8.97475243 13.60536671 6.83039713
6.82121563 13.57877064 8.95680618 9.33927536 1.93486369 1.93486369 9.33927536 8.95680618 13.57876968 6.82121563
6.81211710 13.55229187 8.93889141 9.32631111 1.92706263 1.92706263 9.32631111 8.93889236 13.55229187 6.81211805
6.80310202 13.52593327 8.92101002 9.31327057 1.91924179 1.91924179 9.31327057 8.92101002 13.52593327 6.80310202
6.79416656 13.49969482 8.90316296 9.30015278 1.91140127 1.91140127 9.30015278 8.90316296 13.49969387 6.79416704
6.78531075 13.47357941 8.88534927 9.28695869 1.90354168 1.90354168 9.28695774 8.88534927 13.47357941 6.78531075
6.77653027 13.44759178 8.86756897 9.27368736 1.89566302 1.89566302 9.27368641 8.86756897 13.44759274 6.77653027
6.76782370 13.42173195 8.84982204 9.26033878 1.88776612 1.88776612 9.26033878 8.84982204 13.42173195 6.76782370
6.75918818 13.39600086 8.83210754 9.24691296 1.87985086 1.87985086 9.24691296 8.83210850 13.39600086 6.75918770
6.75062084 13.37040234 8.81442642 9.23341084 1.87191737 1.87191737 9.23340988 8.81442642 13.37040234 6.75062084
6.74211931 13.34493446 8.79677582 9.21982956 1.86396599 1.86396599 9.21982956 8.79677677 13.34493637 6.74211931
6.73368073 13.31960487 8.77915859 9.20617199 1.85599661 1.85599661 9.20617104 8.77915859 13.31960392 6.73368073
6.72530222 13.29440498 8.76157284 9.19243526 1.84800982 1.84800982 9.19243526 8.76157284 13.29440498 6.72530222
6.71698189 13.26933765 8.74401760 9.17862034 1.84000564 1.84000564 9.17862034 8.74401855 13.26933956 6.71698141
6.70871639 13.24440765 8.72649479 9.16472721 1.83198476 1.83198476 9.16472721 8.72649384 13.24440861 6.70871639
6.70050430 13.21960735 8.70900249 9.15075397 1.82394707 1.82394719 9.15075397 8.70900249 13.21960926 6.70050430
6.69234276 13.19494057 8.69154263 9.13670158 1.81589365 1.81589365 9.13670158 8.69154167 13.19494057 6.69234324
6.68423128 13.17040157 8.67411423 9.12257004 1.80782473 1.80782473 9.12257004 8.67411423 13.17040157 6.68423080
6.67616653 13.14599228 8.65671730 9.10835838 1.79974127 1.79974115 9.10835838 8.65671825 13.14599228 6.67616653
6.66814756 13.12171078 8.63935471 9.09406662 1.79164302 1.79164302 9.09406662 8.63935566 13.12170982 6.66814709
6.66017246 13.09755325 8.62202549 9.07969379 1.78353155 1.78353167 9.07969379 8.62202454 13.09755325 6.66017246
6.65223932 13.07351971 8.60472870 9.06524181 1.77540779 1.77540779 9.06524181 8.60472870 13.07352066 6.65223980
6.64434814 13.04960823 8.58746719 9.05070877 1.76727152 1.76727152 9.05070877 8.58746624 13.04960918 6.64434814
6.63649654 13.02581596 8.57024002 9.03609467 1.75912452 1.75912452 9.03609467 8.57024002 13.02581596 6.63649654
6.62868404 13.00214291 8.55305004 9.02139950 1.75096679 1.75096679 9.02139950 8.55305004 13.00214100 6.62868404
6.62090874 12.97858238 8.53589630 9.00662422 1.74279988 1.74279988 9.00662422 8.53589630 12.97858334 6.62090874
6.61317062 12.95513725 8.51877975 8.99176788 1.73462439 1.73462439 8.99176788 8.51877880 12.95513725 6.61317110
6.60546875 12.93180370 8.50170135 8.97682953 1.72644138 1.72644126 8.97682953 8.50170135 12.93180370 6.60546923
6.59780216 12.90857887 8.48466206 8.96181202 1.71825171 1.71825159 8.96181107 8.48466206 12.90857887 6.59780264
6.59016991 12.88546085 8.46766281 8.94671154 1.71005619 1.71005619 8.94671154 8.46766281 12.88545799 6.59017038
6.58257151 12.86244678 8.45070457 8.93153191 1.70185578 1.70185578 8.93153191 8.45070457 12.86244774 6.58257103
6.57500601 12.83953571 8.43378735 8.91627121 1.69365144 1.69365156 8.91627026 8.43378735 12.83953571 6.57500601
6.56747341 12.81672478 8.41691208 8.90092945 1.68544400 1.68544400 8.90092945 8.41691303 12.81672478 6.56747341
6.55997276 12.79401112 8.40008068 8.88550663 1.67723453 1.67723453 8.88550663 8.40008068 12.79401207 6.55997276
6.55250406 12.77139378 8.38329220 8.87000370 1.66902399 1.66902399 8.87000465 8.38329220 12.77139473 6.55250406
6.54506588 12.74886990 8.36654949 8.85442162 1.66081309 1.66081309 8.85442162 8.36655045 12.74887180 6.54506540
6.53765774 12.72643757 8.34985256 8.83876038 1.65260303 1.65260303 8.83875942 8.34985256 12.72643852 6.53765774
6.53027964 12.70409393 8.33320141 8.82301807 1.64439452 1.64439452 8.82301903 8.33320141 12.70409393 6.53027964
6.52293110 12.68183804 8.31659889 8.80719757 1.63618851 1.63618851 8.80719757 8.31659794 12.68183613 6.52293110
6.51561165 12.65966415 8.30004215 8.79129887 1.62798631 1.62798631 8.79129887 8.30004215 12.65966415 6.51561165
6.50832033 12.63757610 8.28353500 8.77532101 1.61978841 1.61978841 8.77532101 8.28353500 12.63757515 6.50831985
6.50105667 12.61556816 8.26707745 8.75926590 1.61159587 1.61159575 8.75926590 8.26707840 12.61556721 6.50105667
6.49382067 12.59363651 8.25067043 8.74313259 1.60340941 1.60340953 8.74313259 8.25067043 12.59363651 6.49382067
6.48661137 12.57178211 8.23431301 8.72692394 1.59523034 1.59523034 8.72692394 8.23431301 12.57178211 6.48661137
6.47942877 12.55000114 8.21800709 8.71063805 1.58705938 1.58705938 8.71063805 8.21800709 12.55000114 6.47942877
6.47227192 12.52829266 8.20175362 8.69427586 1.57889748 1.57889748 8.69427586 8.20175266 12.52829170 6.47227192
6.46513987 12.50665379 8.18555164 8.67783928 1.57074535 1.57074535 8.67783928 8.18555164 12.50665379 6.46513987
6.45803261 12.48508358 8.16940308 8.66132927 1.56260395 1.56260395 8.66132927 8.16940308 12.48508358 6.45803261
6.45094967 12.46357822 8.15330791 8.64474487 1.55447400 1.55447400 8.64474487 8.15330791 12.46358013 6.45094967
6.44389057 12.44213867 8.13726521 8.62808704 1.54635692 1.54635692 8.62808704 8.13726521 12.44213867 6.44389009
6.43685389 12.42076111 8.12127686 8.61135674 1.53825295 1.53825283 8.61135769 8.12127781 12.42076111 6.43685389
6.42983961 12.39944267 8.10534286 8.59455585 1.53016293 1.53016305 8.59455585 8.10534286 12.39944172 6.42984009
6.42284727 12.37818432 8.08946228 8.57768345 1.52208817 1.52208817 8.57768345 8.08946228 12.37818432 6.42284727
6.41587543 12.35698223 8.07363701 8.56074047 1.51402950 1.51402950 8.56074142 8.07363701 12.35698223 6.41587591
6.40892410 12.33583546 8.05786419 8.54372883 1.50598741 1.50598741 8.54372883 8.05786419 12.33583546 6.40892458
6.40199280 12.31474209 8.04214573 8.52664852 1.49796271 1.49796271 8.52664852 8.04214573 12.31474304 6.40199327
6.39508104 12.29370213 8.02648163 8.50950050 1.48995674 1.48995686 8.50950050 8.02648163 12.29370213 6.39508104
6.38818741 12.27271366 8.01086903 8.49228573 1.48197043 1.48197043 8.49228573 8.01086903 12.27271175 6.38818741
6.38131285 12.25177288 7.99531031 8.47500515 1.47400427 1.47400415 8.47500515 7.99531031 12.25177383 6.38131237
6.37445498 12.23088074 7.97980404 8.45765877 1.46605921 1.46605921 8.45765877 7.97980356 12.23088169 6.37445498
6.36761427 12.21003819 7.96434927 8.44024849 1.45813656 1.45813656 8.44024849 7.96434975 12.21003723 6.36761379
6.36078930 12.18924046 7.94894695 8.42277527 1.45023692 1.45023692 8.42277527 7.94894695 12.18924046 6.36078930
6.35398102 12.16848946 7.93359566 8.40523911 1.44236147 1.44236147 8.40523911 7.93359613 12.16848755 6.35398102
6.34718800 12.14778137 7.91829538 8.38764191 1.43451130 1.43451142 8.38764095 7.91829538 12.14778137 6.34718800
6.34040976 12.12712002 7.90304422 8.36998367 1.42668784 1.42668784 8.36998367 7.90304518 12.12712002 6.34040976
6.33364630 12.10650158 7.88784409 8.35226536 1.41889215 1.41889215 8.35226536 7.88784409 12.10650253 6.33364630
6.32689762 12.08592892 7.87269211 8.33448887 1.41112554 1.41112542 8.33448887 7.87269258 12.08592796 6.32689762
6.32016277 12.06539822 7.85758972 8.31665516 1.40338922 1.40338922 8.31665516 7.85758972 12.06539726 6.32016230
6.31344128 12.04491329 7.84253454 8.29876423 1.39568496 1.39568496 8.29876423 7.84253454 12.04491234 6.31344128
6.30673361 12.02447224 7.82752800 8.28081799 1.38801420 1.38801408 8.28081894 7.82752800 12.02447224 6.30673361
6.30003977 12.00407505 7.81256771 8.26281834 1.38037848 1.38037848 8.26281929 7.81256771 12.00407600 6.30003929
6.29335785 11.98372555 7.79765511 8.24476624 1.37277949 1.37277949 8.24476624 7.79765558 11.98372459 6.29335833
6.28668976 11.96342087 7.78278923 8.22666168 1.36521900 1.36521900 8.22666168 7.78278923 11.96342087 6.28669024
6.28003454 11.94316387 7.76796961 8.20850563 1.35769916 1.35769916 8.20850563 7.76796913 11.94316387 6.28003454
6.27339268 11.92295551 7.75319529 8.19030094 1.35022175 1.35022175 8.19030094 7.75319529 11.92295456 6.27339220
6.26676273 11.90279484 7.73846674 8.17204762 1.34278905 1.34278905 8.17204762 7.73846674 11.90279484 6.26676273
6.26014614 11.88268566 7.72378254 8.15374851 1.33540297 1.33540297 8.15374851 7.72378302 11.88268471 6.26014662
6.25354242 11.86262703 7.70914459 8.13540173 1.32806599 1.32806599 8.13540268 7.70914459 11.86262703 6.25354290
6.24695158 11.84262085 7.69455051 8.11701202 1.32078063 1.32078063 8.11701202 7.69455099 11.84262180 6.24695158
6.24037361 11.82267094 7.68000126 8.09857845 1.31354940 1.31354940 8.09857845 7.68000126 11.82267094 6.24037361
6.23380804 11.80277348 7.66549587 8.08010292 1.30637538 1.30637527 8.08010197 7.66549587 11.80277348 6.23380804
6.22725534 11.78293419 7.65103483 8.06158447 1.29926109 1.29926109 8.06158447 7.65103436 11.78293419 6.22725534
6.22071600 11.76315308 7.63661766 8.04302597 1.29220998 1.29220998 8.04302597 7.63661766 11.76315117 6.22071600
6.21418953 11.74343014 7.62224483 8.02442646 1.28522587 1.28522587 8.02442646 7.62224483 11.74343014 6.21418953
6.20767736 11.72376823 7.60791540 8.00578594 1.27831316 1.27831316 8.00578594 7.60791540 11.72376823 6.20767736
6.20117855 11.70416737 7.59363174 7.98710489 1.27147615 1.27147615 7.98710489 7.59363174 11.70416641 6.20117903
6.19469404 11.68462849 7.57939386 7.96838140 1.26472068 1.26472068 7.96838188 7.57939434 11.68462849 6.19469452
6.18822527 11.66515255 7.56520367 7.94961548 1.25805318 1.25805318 7.94961500 7.56520319 11.66515255 6.18822479
6.18177128 11.64573956 7.55106306 7.93080330 1.25148129 1.25148129 7.93080330 7.55106306 11.64573956 6.18177128
6.17533302 11.62638950 7.53697586 7.91194344 1.24501348 1.24501348 7.91194344 7.53697586 11.62638950 6.17533302
6.16891098 11.60710430 7.52294636 7.89303350 1.23865867 1.23865867 7.89303350 7.52294636 11.60710430 6.16891146
6.16250372 11.58788204 7.50898027 7.87407398 1.23242521 1.23242521 7.87407398 7.50897932 11.58788109 6.16250324
6.15610790 11.56872559 7.49508286 7.85506725 1.22631907 1.22631907 7.85506725 7.49508286 11.56872463 6.15610838
6.14972115 11.54963589 7.48126650 7.83602476 1.22034335 1.22034335 7.83602476 7.48126745 11.54963684 6.14972115
6.14333582 11.53061581 7.46755314 7.81696653 1.21449733 1.21449733 7.81696653 7.46755314 11.53061581 6.14333534
6.13694525 11.51165771 7.45398617 7.79792881 1.20877314 1.20877302 7.79792881 7.45398569 11.51165867 6.13694525
6.13054132 11.49273491 7.44064236 7.77897644 1.20314109 1.20314109 7.77897644 7.44064236 11.49273491 6.13054132
6.12411070 11.47377300 7.42764139 7.76020288 1.19754159 1.19754148 7.76020336 7.42764187 11.47377300 6.12411118
6.11764050 11.45466042 7.41512537 7.74170780 1.19191039 1.19191039 7.74170780 7.41512537 11.45465946 6.11764002
6.11112833 11.43534088 7.40317535 7.72354317 1.18623590 1.18623590 7.72354317 7.40317488 11.43534088 6.11112881
6.10458708 11.41589737 7.39171886 7.70567703 1.18056917 1.18056917 7.70567751 7.39171982 11.41589546 6.10458755
6.09801960 11.39648819 7.38058615 7.68803596 1.17497993 1.17497993 7.68803596 7.38058615 11.39648819 6.09802008
6.09140921 11.37726212 7.36965275 7.67055655 1.16952825 1.16952825 7.67055655 7.36965275 11.37726307 6.09140968
6.08473015 11.35832024 7.35889626 7.65319681 1.16425312 1.16425312 7.65319681 7.35889626 11.35832024 6.08472967
6.07796192 11.33974934 7.34835768 7.63592625 1.15917587 1.15917599 7.63592672 7.34835815 11.33974838 6.07796192
6.07110977 11.32165813 7.33811808 7.61872864 1.15431833 1.15431833 7.61872911 7.33811760 11.32165813 6.07111025
6.06420422 11.30415344 7.32826757 7.60160112 1.14970720 1.14970720 7.60160160 7.32826757 11.30415344 6.06420422
6.05730247 11.28726482 7.31887054 7.58455181 1.14536250 1.14536250 7.58455229 7.31887054 11.28726482 6.05730295
