33.91676331 18.28752518 11.97014332 10.43697548 2.55859613 2.55859613 10.43697548 11.97014332 18.28752708 33.91676331
33.72284698 17.82701683 11.72159958 10.30389118 2.52640843 2.56154084 10.44350815 11.98789883 17.86153412 33.73237991
33.52957535 17.37062645 11.47616482 10.17150402 2.48802090 2.56580400 10.44283867 12.01152992 17.45573807 33.55399704
33.33704758 16.91864586 11.23394871 10.03978443 2.45348859 2.56691480 10.45791435 12.02395439 17.07271385 33.38197327
33.14527130 16.47095108 10.99492836 9.90871620 2.42362809 2.56830072 10.49062729 12.03221893 16.70381737 33.26031494
32.95426178 16.02737808 10.75895500 9.77823067 2.39432311 2.57525897 10.50653172 12.03122425 16.35116196 33.16769028
32.76401901 15.58779812 10.52586460 9.64825153 2.36275077 2.57475376 10.51143646 12.03101826 16.01511002 33.08998489
32.57453918 15.15211296 10.29563522 9.51880836 2.33091283 2.57141519 10.52456951 12.03232765 15.68187904 33.01548386
32.38581467 14.72025204 10.06822777 9.38988400 2.29980254 2.57099390 10.52644730 12.03257179 15.34658909 32.93876266
32.19785690 14.29216099 9.84356976 9.26145458 2.26913571 2.57093453 10.52668858 12.03258610 15.01945972 32.86013794
32.01065826 13.86779690 9.62160110 9.13349915 2.23949933 2.57284570 10.53807259 12.02970982 14.70520782 32.79984283
31.82421494 13.44711876 9.40227032 9.00600243 2.21021032 2.57462406 10.54743290 12.02806091 14.40157413 32.74557495
31.63853264 13.03010178 9.18552494 8.87895012 2.18082047 2.57484818 10.54864216 12.02785873 14.10561562 32.68884277
31.45360565 12.61671543 8.97131348 8.75232887 2.15174127 2.57486868 10.54881477 12.02780533 13.82945347 32.63436890
31.26943398 12.20694733 8.75957108 8.62610340 2.12331200 2.57558894 10.55909157 12.02690983 13.57314205 32.59307480
31.08601952 11.80077267 8.55017948 8.50027466 2.09505653 2.57585645 10.56220150 12.02676868 13.31268120 32.55352402
30.90336227 11.39818859 8.34326363 8.37489414 2.06707048 2.57588434 10.56258965 12.02673149 13.05610561 32.51160812
30.72145462 10.99918747 8.13869286 8.24991703 2.03942299 2.57588148 10.56263256 12.02670288 12.80622005 32.46818542
30.54030609 10.60377312 7.93641710 8.12533283 2.01212049 2.57587385 10.56263065 12.02667522 12.56345367 32.42397690
30.35990715 10.21194839 7.73639488 8.00113678 1.98516309 2.57586670 10.56262398 12.02664757 12.32792187 32.37939835
30.18025970 9.82372570 7.53858948 7.87732506 1.95855033 2.57585931 10.56261539 12.02661800 12.09969902 32.33470917
30.00136375 9.43912315 7.34296656 7.75389242 1.93228400 2.57585120 10.56260777 12.02658844 11.87953472 32.29035950
29.82320976 9.05815887 7.14947987 7.63080168 1.90636563 2.57588720 10.56282902 12.02655888 11.67312431 32.24709702
29.64580917 8.68084812 6.95800638 7.50806379 1.88080251 2.57589173 10.56287956 12.02652836 11.47674084 32.20498657
29.46767044 8.31093025 6.78048420 7.39114475 1.85708392 2.57591152 10.56364250 12.02661991 11.30791283 32.16604614
29.29148102 7.97623873 6.65236187 7.28453541 1.83220315 2.57596231 10.56455803 12.02675915 11.14562321 32.12971115
29.11693764 7.64292145 6.52517891 7.17631721 1.80646861 2.57596087 10.56466293 12.02674866 10.98481750 32.09388351
28.94317436 7.31315088 6.40226698 7.07174397 1.78236079 2.57595158 10.56466675 12.02671528 10.83048630 32.05831909
28.77011299 6.98794222 6.28143644 6.96789837 1.75880075 2.57594061 10.56465626 12.02667999 10.68327713 32.02309036
28.59774208 6.66745901 6.16240263 6.86439991 1.73564780 2.57592940 10.56464481 12.02664089 10.54318428 31.98827744
28.42606354 6.35177040 6.04507303 6.76119900 1.71289301 2.57591796 10.56463146 12.02660275 10.41010666 31.95390892
28.25507927 6.04094458 5.92938232 6.65828133 1.69054115 2.57590652 10.56461811 12.02656269 10.28391552 31.92000389
28.08478928 5.73506260 5.81527376 6.55564117 1.66860032 2.57589459 10.56460285 12.02652264 10.16446781 31.88657379
27.91519737 5.43421555 5.70269680 6.45327520 1.64707911 2.57588267 10.56458664 12.02648067 10.05160618 31.85362244
27.74630356 5.13850832 5.59160280 6.35118198 1.62598622 2.57587075 10.56456947 12.02643871 9.94515705 31.82114792
27.57810593 4.84803820 5.48195124 6.24936008 1.60532928 2.57585883 10.56455326 12.02639580 9.84493732 31.78914642
27.41060638 4.56304216 5.37374306 6.14780712 1.58511043 2.57584667 10.56453705 12.02635193 9.75074959 31.75761795
27.24380875 4.28344393 5.26704550 6.04651403 1.56531763 2.57583332 10.56451988 12.02630615 9.66238880 31.72654343
27.07771492 4.00939274 5.16159201 5.94548368 1.54597187 2.57581925 10.56450176 12.02626133 9.57963848 31.69592857
26.91231918 3.74154425 5.05738592 5.84472275 1.52708673 2.57580495 10.56448364 12.02621460 9.50227737 31.66575241
26.74762535 3.47994328 4.95446301 5.74423790 1.50867295 2.57579041 10.56446648 12.02616692 9.43007660 31.63600922
26.58363342 3.22480297 4.85276985 5.64403152 1.49073422 2.57577562 10.56444836 12.02611923 9.36280537 31.60668755
26.42033958 2.97639394 4.75228643 5.54410696 1.47327352 2.57576108 10.56443024 12.02606964 9.30022812 31.57777786
26.25775146 2.73509336 4.65300512 5.44446993 1.45629442 2.57574630 10.56441212 12.02601814 9.24211025 31.54927063
26.09586334 2.50132656 4.55491400 5.34512711 1.43980002 2.57573152 10.56439400 12.02596760 9.18821812 31.52115440
25.93467903 2.27571964 4.45799494 5.24608326 1.42379391 2.57571650 10.56437492 12.02591610 9.13831902 31.49341774
25.77419853 2.05901980 4.36222506 5.14734602 1.40828085 2.57570124 10.56435585 12.02586365 9.09218502 31.46604538
25.61441803 1.85185528 4.26758146 5.04891920 1.39326131 2.57568598 10.56433678 12.02581024 9.04959393 31.43903732
25.45533752 1.65497220 4.17404318 4.95080948 1.37873459 2.57567072 10.56431675 12.02575588 9.01032448 31.41237259
25.29695511 1.46918249 4.08159065 4.85302353 1.36469853 2.57565546 10.56429768 12.02569962 8.97416782 31.38605309
25.13927460 1.29542589 3.99020886 4.75556803 1.35114908 2.57563853 10.56427860 12.02564526 8.94091606 31.36005592
24.98229027 1.13450098 3.89987659 4.65844774 1.33808565 2.57562089 10.56425858 12.02558899 8.91037464 31.33437920
24.82600975 0.98690569 3.81056619 4.56166315 1.32552075 2.57560301 10.56423950 12.02553272 8.88235474 31.30901146
24.67043877 0.85281223 3.72227144 4.46520996 1.31353986 2.57558489 10.56421947 12.02547550 8.85667419 31.28394318
24.51556206 0.73189694 3.63498998 4.36909962 1.30216658 2.57556701 10.56419945 12.02541733 8.83316326 31.25917053
24.36138535 0.62293935 3.54867530 4.27335405 1.29126954 2.57554889 10.56417847 12.02535915 8.81165886 31.23467827
24.20789528 0.52419525 3.46328855 4.17798376 1.28070307 2.57553053 10.56415749 12.02529907 8.79200649 31.21046448
24.05509949 0.43383139 3.37880373 4.08299351 1.27046573 2.57551193 10.56413555 12.02523708 8.77406025 31.18651772
23.90299606 0.35029036 3.29519844 3.98839092 1.26060557 2.57549334 10.56411171 12.02517509 8.75768566 31.16283035
23.75158310 0.27251333 3.21245122 3.89418244 1.25115359 2.57547450 10.56408691 12.02511215 8.74275303 31.13939857
23.60086060 0.19990233 3.13054061 3.80037665 1.24211681 2.57545590 10.56406116 12.02504826 8.72914124 31.11621284
23.45082855 0.13205302 3.04944420 3.70698118 1.23349357 2.57543683 10.56403542 12.02498341 8.71673965 31.09326553
23.30148125 0.06845605 2.96914148 3.61400485 1.22527468 2.57541752 10.56400967 12.02491856 8.70544434 31.07055473
23.15282249 0.00960616 2.88961267 3.52145791 1.21745026 2.57539582 10.56398392 12.02485180 8.69515705 31.04807472
23.00485039 0.00428408 2.81083846 3.42934752 1.21000481 2.57537341 10.56395721 12.02478409 8.68578911 31.02581215
22.85755920 0.00345210 2.73279738 3.33768344 1.20291209 2.57535124 10.56392956 12.02471638 8.67725658 31.00376892
22.71095276 0.00264068 2.65547585 3.24647903 1.19619083 2.57532859 10.56390095 12.02464771 8.66948128 30.98193550
22.56502914 0.00224277 2.57885575 3.15574527 1.18981552 2.57530570 10.56387234 12.02457714 8.66239452 30.96030807
22.41978455 0.00199435 2.50291753 3.06549478 1.18377578 2.57528257 10.56384373 12.02450562 8.65593052 30.93888283
22.27521706 0.00171228 2.42764664 2.97574019 1.17806149 2.57525945 10.56381416 12.02443409 8.65002823 30.91765785
22.13132477 0.00173440 2.35302758 2.88649631 1.17265964 2.57523632 10.56378365 12.02435875 8.64463139 30.89661980
21.98810768 0.00227922 2.27904725 2.79777813 1.16755915 2.57521319 10.56375408 12.02428436 8.63969231 30.87577438
21.84556389 0.00121196 2.20569324 2.70960140 1.16274858 2.57518983 10.56372356 12.02420902 8.63516331 30.85511208
21.70368958 0.00140529 2.13295627 2.62198400 1.15821707 2.57516623 10.56369305 12.02413177 8.63100147 30.83463287
21.56248665 0.00129009 2.06082773 2.53494477 1.15395248 2.57514262 10.56366253 12.02405453 8.62717056 30.81432915
21.42194939 0.00133495 1.98929977 2.44850326 1.14994133 2.57511783 10.56363106 12.02397728 8.62363338 30.79420280
21.28207970 0.00138198 1.91836751 2.36268163 1.14617336 2.57509184 10.56359959 12.02389717 8.62036133 30.77424431
21.14286995 0.00101998 1.84802830 2.27750397 1.14263976 2.57506609 10.56356716 12.02381611 8.61732292 30.75445747
21.00432587 0.00154257 1.77827990 2.19299531 1.13932812 2.57503986 10.56353474 12.02373314 8.61449432 30.73483467
20.86643982 0.00109521 1.70912254 2.10918331 1.13622856 2.57501340 10.56350136 12.02365017 8.61184883 30.71537971
20.72921181 0.00124976 1.64055848 2.02609921 1.13333213 2.57498693 10.56346703 12.02356434 8.60936832 30.69608116
20.59263992 0.00123774 1.57259142 1.94377470 1.13062847 2.57496047 10.56343174 12.02347851 8.60703373 30.67694283
20.45672226 0.00136076 1.50522780 1.86224639 1.12810707 2.57493401 10.56339455 12.02338886 8.60482597 30.65796089
20.32145500 0.00118670 1.43847585 1.78155243 1.12575877 2.57490706 10.56335831 12.02330017 8.60272980 30.63913536
20.18683624 0.00136422 1.37234414 1.70173490 1.12357211 2.57487988 10.56332016 12.02321053 8.60073185 30.62046051
20.05286789 0.00115343 1.30684555 1.62283933 1.12153935 2.57485247 10.56328106 12.02311802 8.59882069 30.60193825
19.91954613 0.00122100 1.24199247 1.54491448 1.11965156 2.57482505 10.56324291 12.02302742 8.59698486 30.58356476
19.78686905 0.00173428 1.17779970 1.46801198 1.11789775 2.57479596 10.56320286 12.02293301 8.59521389 30.56534004
19.65483475 0.00124418 1.11428714 1.39218855 1.11627090 2.57476664 10.56316280 12.02283955 8.59350014 30.54726219
19.52344322 0.00107829 1.05147576 1.31750441 1.11476636 2.57473588 10.56312180 12.02274418 8.59183502 30.52932930
19.39269066 0.00112945 0.98939067 1.24402308 1.11337543 2.57470512 10.56308174 12.02264786 8.59021187 30.51154137
19.26257324 0.00082756 0.92805898 1.17181087 1.11209023 2.57467437 10.56303978 12.02254963 8.58862305 30.49389458
19.13309288 0.00131707 0.86751068 1.10093617 1.11090374 2.57464337 10.56299877 12.02244949 8.58706570 30.47639465
19.00424576 0.00104462 0.80778080 1.03146887 1.10980904 2.57461190 10.56295776 12.02235031 8.58553410 30.45903587
18.87603378 0.00095823 0.74890870 0.96347940 1.10880113 2.57458019 10.56291676 12.02224922 8.58402348 30.44181442
18.74845123 0.00107105 0.69093686 0.89703548 1.10787380 2.57454824 10.56287479 12.02214718 8.58252907 30.42473602
18.62150192 0.00093549 0.63391459 0.83220214 1.10702145 2.57451653 10.56283188 12.02204227 8.58105087 30.40779495
18.49517632 0.00134991 0.57789588 0.76903790 1.10623896 2.57448387 10.56278706 12.02193832 8.57958221 30.39099503
18.36948204 0.00077137 0.52294213 0.70759195 1.10552168 2.57444978 10.56274319 12.02183247 8.57812405 30.37433052
18.24441338 0.00081272 0.46911913 0.64790100 1.10486484 2.57441592 10.56269836 12.02172375 8.57667160 30.35780334
18.11997032 0.00089628 0.41649824 0.58998561 1.10426402 2.57438159 10.56265354 12.02161598 8.57522488 30.34141350
17.99615097 0.00062126 0.36515403 0.53384715 1.10371506 2.57434726 10.56260681 12.02150440 8.57378101 30.32515907
17.87295341 0.00095349 0.31516233 0.47946447 1.10321355 2.57431269 10.56256008 12.02139378 8.57234001 30.30904198
17.75037575 0.00098683 0.26659986 0.42679253 1.10275602 2.57427764 10.56251240 12.02128029 8.57089901 30.29305840
17.62841797 0.00125435 0.21953721 0.37576157 1.10233939 2.57424259 10.56246567 12.02116585 8.56945801 30.27721024
17.50708199 0.00127962 0.17403516 0.32627848 1.10196042 2.57420731 10.56241798 12.02105045 8.56801701 30.26149940
17.38636017 0.00080081 0.13013577 0.27823007 1.10161567 2.57417226 10.56236935 12.02093506 8.56657314 30.24592018
17.26625824 0.00079286 0.08787879 0.23148960 1.10130191 2.57413530 10.56232071 12.02081680 8.56512547 30.23047638
17.14677048 0.00096287 0.04730318 0.18592447 1.10101724 2.57409763 10.56227207 12.02069759 8.56367588 30.21516228
17.02789688 0.00113507 0.00906885 0.14140990 1.10075915 2.57406020 10.56222153 12.02057552 8.56222248 30.19998169
16.90963936 0.00094384 0.00293925 0.09785060 1.10052514 2.57402229 10.56217003 12.02045345 8.56076622 30.18493462
16.79199219 0.00091157 0.00251775 0.05524322 1.10031307 2.57398343 10.56211758 12.02032948 8.55930424 30.17001724
16.67495728 0.00110973 0.00162318 0.01400663 1.10012126 2.57394409 10.56206608 12.02020359 8.55783939 30.15523338
16.55853271 0.00096165 0.00164904 0.00429759 1.09994757 2.57390451 10.56201363 12.02007866 8.55636883 30.14058113
16.44271851 0.00098209 0.00130650 0.00243651 1.09979045 2.57386494 10.56196117 12.01995182 8.55489445 30.12606049
16.32751465 0.00159564 0.00109913 0.00138053 1.09964824 2.57382512 10.56190872 12.01982212 8.55341434 30.11166573
16.21291924 0.00117824 0.00164512 0.00093940 1.09951913 2.57378340 10.56185532 12.01969337 8.55193043 30.09740257
16.09892845 0.00114212 0.00084195 0.00094447 1.09940207 2.57374144 10.56180096 12.01956081 8.55044079 30.08327103
15.98554325 0.00085766 0.00074552 0.00069903 1.09929562 2.57369900 10.56174564 12.01942921 8.54894447 30.06926537
15.87276363 0.00084173 0.00088373 0.00057260 1.09919906 2.57365680 10.56169033 12.01929569 8.54744434 30.05538750
15.76058960 0.00059913 0.00086394 0.00061070 1.09911156 2.57361436 10.56163406 12.01915836 8.54593945 30.04163742
15.64901638 0.00084283 0.00086908 0.00050063 1.09903228 2.57357144 10.56157780 12.01902199 8.54442883 30.02801704
15.53804493 0.00077492 0.00081698 0.00050049 1.09896040 2.57352853 10.56151962 12.01888275 8.54291344 30.01452065
15.42767429 0.00103192 0.00088067 0.00096503 1.09889495 2.57348561 10.56146240 12.01874352 8.54139233 30.00115204
15.31790352 0.00073044 0.00074760 0.00069756 1.09883547 2.57344055 10.56140518 12.01860046 8.53986835 29.98790741
15.20873070 0.00132701 0.00104984 0.00048722 1.09878099 2.57339501 10.56134510 12.01845741 8.53833675 29.97478676
15.10015488 0.00084683 0.00104296 0.00036914 1.09873104 2.57334948 10.56128502 12.01831245 8.53680134 29.96179199
14.99217415 0.00104863 0.00094634 0.00053939 1.09868526 2.57330370 10.56122398 12.01816559 8.53526211 29.94891357
14.88478851 0.00109545 0.00072232 0.00083618 1.09864330 2.57325792 10.56116199 12.01801777 8.53371620 29.93616486
14.77799511 0.00112244 0.00074404 0.00053826 1.09860373 2.57321143 10.56109905 12.01786709 8.53216648 29.92353630
14.67179394 0.00106932 0.00098011 0.00040950 1.09856653 2.57316399 10.56103611 12.01771641 8.53061295 29.91102791
14.56618404 0.00092648 0.00071309 0.00069948 1.09853196 2.57311583 10.56097031 12.01756382 8.52905464 29.89863777
14.46116161 0.00088799 0.00055556 0.00047748 1.09849966 2.57306623 10.56090546 12.01740932 8.52749062 29.88637161
14.35672665 0.00084704 0.00101668 0.00046761 1.09846938 2.57301617 10.56083965 12.01725197 8.52592278 29.87422562
14.25287819 0.00100653 0.00048105 0.00051034 1.09844065 2.57296610 10.56077290 12.01709270 8.52435112 29.86219597
14.14961529 0.00056264 0.00076411 0.00023861 1.09841335 2.57291579 10.56070518 12.01693249 8.52277374 29.85028076
14.04693413 0.00100056 0.00080096 0.00054966 1.09838736 2.57286549 10.56063938 12.01676941 8.52119350 29.83848763
13.94483280 0.00096228 0.00076100 0.00070143 1.09836268 2.57281446 10.56057262 12.01660633 8.51960850 29.82680893
13.84331131 0.00113654 0.00080064 0.00056165 1.09833896 2.57276344 10.56050587 12.01644135 8.51801872 29.81524277
13.74236774 0.00077383 0.00051445 0.00042456 1.09831607 2.57271051 10.56043911 12.01627350 8.51642513 29.80379486
13.64199734 0.00076536 0.00057340 0.00042762 1.09829307 2.57265711 10.56036949 12.01610661 8.51482773 29.79245567
13.54220104 0.00110192 0.00074290 0.00044441 1.09827018 2.57260346 10.56029987 12.01593685 8.51322651 29.78123665
13.44297695 0.00095457 0.00063562 0.00059347 1.09824789 2.57255006 10.56023026 12.01576519 8.51162148 29.77012444
13.34432220 0.00061077 0.00045885 0.00039267 1.09822607 2.57249594 10.56015873 12.01559258 8.51001167 29.75912285
13.24623394 0.00102590 0.00073387 0.00055152 1.09820461 2.57244182 10.56008720 12.01541615 8.50839901 29.74823189
13.14871120 0.00103289 0.00073965 0.00024683 1.09818339 2.57238579 10.56001377 12.01523876 8.50678253 29.73745346
13.05175114 0.00090771 0.00091151 0.00082356 1.09816253 2.57232857 10.55994129 12.01506042 8.50516129 29.72677994
12.95535278 0.00125761 0.00083029 0.00052828 1.09814191 2.57227063 10.55986595 12.01487923 8.50353813 29.71621704
12.85951138 0.00123838 0.00071859 0.00075485 1.09812152 2.57221246 10.55978966 12.01469612 8.50191116 29.70575905
12.76422787 0.00137704 0.00053829 0.00030552 1.09810066 2.57215428 10.55971146 12.01451111 8.50028133 29.69540787
12.66949749 0.00103100 0.00067739 0.00046564 1.09807980 2.57209563 10.55963326 12.01432419 8.49864769 29.68516159
12.57531738 0.00112232 0.00044656 0.00050488 1.09805834 2.57203674 10.55955219 12.01413441 8.49701023 29.67502022
12.48168850 0.00098208 0.00056197 0.00046174 1.09803700 2.57197618 10.55947113 12.01394272 8.49536991 29.66498375
12.38860321 0.00108857 0.00072378 0.00029631 1.09801567 2.57191515 10.55938911 12.01374817 8.49372673 29.65505219
12.29606247 0.00139894 0.00072188 0.00038373 1.09799445 2.57185364 10.55930614 12.01355267 8.49207878 29.64521980
12.20406723 0.00099571 0.00036010 0.00050160 1.09797299 2.57179189 10.55922318 12.01335526 8.49042892 29.63549042
12.11260700 0.00084974 0.00068794 0.00055744 1.09795153 2.57172990 10.55914021 12.01315498 8.48877621 29.62586021
12.02168179 0.00113387 0.00068853 0.00054653 1.09793019 2.57166791 10.55905533 12.01295280 8.48711967 29.61633110
11.93129253 0.00097962 0.00050071 0.00033423 1.09790814 2.57160354 10.55897141 12.01274872 8.48545933 29.60689735
11.84143639 0.00086582 0.00074268 0.00041150 1.09788609 2.57153797 10.55888557 12.01254272 8.48379612 29.59756279
11.75210476 0.00097111 0.00099377 0.00061491 1.09786391 2.57147193 10.55879974 12.01233482 8.48213005 29.58832359
11.66329765 0.00098735 0.00096663 0.00035616 1.09784102 2.57140589 10.55871296 12.01212502 8.48046207 29.57918167
11.57501507 0.00088126 0.00080224 0.00022631 1.09781802 2.57133961 10.55862617 12.01191139 8.47879028 29.57013893
11.48725414 0.00119289 0.00061967 0.00062114 1.09779489 2.57127190 10.55853748 12.01169777 8.47711658 29.56118584
11.40001202 0.00111707 0.00083638 0.00032895 1.09777188 2.57120299 10.55844784 12.01148224 8.47544098 29.55232811
11.31328583 0.00099814 0.00062559 0.00033598 1.09774888 2.57113409 10.55835724 12.01126289 8.47376156 29.54356194
11.22707367 0.00123436 0.00090818 0.00057405 1.09772515 2.57106471 10.55826664 12.01104069 8.47208023 29.53489113
11.14136982 0.00092186 0.00070555 0.00056921 1.09770143 2.57099509 10.55817509 12.01081657 8.47039604 29.52630997
11.05617046 0.00109112 0.00070555 0.00020015 1.09767735 2.57092500 10.55808163 12.01059055 8.46870899 29.51782036
10.97147465 0.00119334 0.00050848 0.00038678 1.09765267 2.57085276 10.55798721 12.01036263 8.46702099 29.50942230
10.88727856 0.00101264 0.00042697 0.00030147 1.09762788 2.57078028 10.55789280 12.01013184 8.46532822 29.50111008
10.80358124 0.00091869 0.00055071 0.00041301 1.09760296 2.57070661 10.55779839 12.00989914 8.46363449 29.49288750
10.72037983 0.00089816 0.00152237 0.00040367 1.09757817 2.57063270 10.55770206 12.00966358 8.46193790 29.48475456
10.63767529 0.00096870 0.00059571 0.00063602 1.09755290 2.57055831 10.55760574 12.00942802 8.46023941 29.47670555
10.55546093 0.00098228 0.00044869 0.00038023 1.09752703 2.57048178 10.55750847 12.00918961 8.45853901 29.46874428
10.47373295 0.00108530 0.00058894 0.00033042 1.09750104 2.57040501 10.55740929 12.00894737 8.45683575 29.46087074
10.39248848 0.00112215 0.00099398 0.00047053 1.09747493 2.57032800 10.55730629 12.00870228 8.45513058 29.45308113
10.31172657 0.00082703 0.00085269 0.00023780 1.09744859 2.57025051 10.55720520 12.00845528 8.45342350 29.44537544
10.23144150 0.00180613 0.00072175 0.00049181 1.09742188 2.57017255 10.55710220 12.00820351 8.45171452 29.43775368
10.15163612 0.00076416 0.00058543 0.00045124 1.09739494 2.57009268 10.55699921 12.00795269 8.45000362 29.43021584
10.07230473 0.00136726 0.00068330 0.00026796 1.09736753 2.57001233 10.55689240 12.00769711 8.44828987 29.42275810
9.99344635 0.00134516 0.00061585 0.00027498 1.09733975 2.56993127 10.55678463 12.00743961 8.44657516 29.41537857
9.91505718 0.00108858 0.00069012 0.00039225 1.09731197 2.56984949 10.55667686 12.00717831 8.44485855 29.40808487
9.83713436 0.00084260 0.00042541 0.00026656 1.09728396 2.56976628 10.55656624 12.00691509 8.44314003 29.40086746
9.75967693 0.00110954 0.00066848 0.00088502 1.09725583 2.56968164 10.55645370 12.00664997 8.44141865 29.39373016
9.68268013 0.00087926 0.00070942 0.00047645 1.09722698 2.56959677 10.55634117 12.00638103 8.43969631 29.38667107
9.60614300 0.00091418 0.00052695 0.00043917 1.09719813 2.56951165 10.55622673 12.00610924 8.43797207 29.37969017
9.53006554 0.00096560 0.00037835 0.00047580 1.09716856 2.56942606 10.55611324 12.00583649 8.43624496 29.37278366
9.45443916 0.00087546 0.00062772 0.00033229 1.09713876 2.56933832 10.55599880 12.00555897 8.43451691 29.36595535
9.37926674 0.00086868 0.00068766 0.00029881 1.09710872 2.56925035 10.55588150 12.00528145 8.43278694 29.35920334
9.30454731 0.00097853 0.00071664 0.00068194 1.09707868 2.56916165 10.55576420 12.00500107 8.43105602 29.35252190
9.23027039 0.00176732 0.00063709 0.00051477 1.09704864 2.56907248 10.55564404 12.00471687 8.42932320 29.34591866
9.15644360 0.00131693 0.00058629 0.00056605 1.09701800 2.56898069 10.55552292 12.00442886 8.42758751 29.33938980
9.08305836 0.00097809 0.00058168 0.00055586 1.09698641 2.56888819 10.55540085 12.00413990 8.42585182 29.33292961
9.01011467 0.00109147 0.00063094 0.00046174 1.09695446 2.56879544 10.55527687 12.00384808 8.42411327 29.32654190
8.93761158 0.00108872 0.00066578 0.00040256 1.09692264 2.56870246 10.55515194 12.00355148 8.42237473 29.32022667
8.86554241 0.00114534 0.00109198 0.00036063 1.09689069 2.56860733 10.55502701 12.00325298 8.42063427 29.31398392
8.79391193 0.00108927 0.00072603 0.00064919 1.09685886 2.56851172 10.55490112 12.00295258 8.41889191 29.30780602
8.72271061 0.00152084 0.00054305 0.00038333 1.09682620 2.56841564 10.55477428 12.00264931 8.41714764 29.30170250
8.65194416 0.00110640 0.00072136 0.00033376 1.09679246 2.56831884 10.55464554 12.00234032 8.41540337 29.29566383
