38.65632248 17.93684387 10.97706509 9.33497047 1.48813164 1.48813164 9.33497143 10.97706509 17.93684196 38.65632629
38.47359848 17.47969055 10.72732162 9.19798565 1.47313082 1.49534655 9.34371567 10.97643185 17.61925316 38.48774719
38.29160309 17.02698135 10.48089314 9.06186104 1.45980346 1.50297487 9.35070515 10.97999859 17.33340645 38.33877945
38.11042023 16.57912254 10.23788929 8.92670059 1.44530594 1.50453317 9.35466671 10.97623062 17.07193756 38.22344589
37.93005371 16.13600540 9.99813366 8.79252434 1.43569636 1.51058936 9.36921406 10.95709133 16.86112785 38.12733459
37.75051117 15.69787979 9.76137352 8.65924644 1.43386066 1.51817262 9.38758850 10.93772888 16.70952797 38.09277344
37.57186127 15.27023697 9.52850723 8.52671146 1.43130481 1.51548982 9.40110302 10.93356323 16.58894730 38.10435867
37.39381027 14.84432983 9.29846287 8.39562511 1.42116225 1.51544738 9.40317154 10.93346405 16.48337173 38.07036209
37.21649933 14.42182255 9.07126808 8.26543140 1.41028595 1.51539493 9.40335846 10.93338680 16.37510872 38.03817749
37.03992844 14.00295544 8.84681892 8.13614368 1.39997160 1.51537240 9.40327644 10.93331051 16.26974678 38.00585175
36.86409378 13.58770657 8.62507629 8.00777245 1.39039481 1.51539290 9.40318489 10.93326092 16.16810417 37.97313690
36.68899536 13.17602921 8.40598774 7.88030815 1.38157678 1.51542854 9.40318012 10.93326855 16.07020187 37.93975830
36.51461029 12.76788235 8.18953609 7.75376034 1.37346399 1.51546669 9.40322971 10.93331051 15.97553349 37.90656281
36.34094238 12.36322689 7.97571993 7.62813330 1.36599767 1.51550651 9.40329266 10.93336391 15.88391972 37.87430954
36.16797256 11.96203041 7.76453352 7.50343084 1.35912609 1.51554132 9.40335083 10.93341064 15.79549980 37.84321594
35.99570847 11.56426144 7.55597353 7.37965775 1.35280848 1.51556838 9.40339661 10.93344784 15.71036339 37.81314087
35.82412338 11.16989517 7.35003710 7.25681973 1.34700823 1.51558852 9.40343189 10.93347645 15.62849808 37.78389740
35.65322495 10.77891159 7.14672518 7.13492250 1.34169090 1.51560342 9.40345955 10.93349838 15.54977512 37.75533676
35.48299789 10.39129353 6.94612598 7.01398277 1.33681762 1.51562309 9.40347290 10.93351936 15.47604465 37.72729874
35.31343842 10.00702381 6.74839020 6.89401197 1.33234322 1.51566374 9.40345287 10.93354702 15.41161251 37.70022583
35.14453125 9.62611866 6.55268908 6.77494478 1.32827592 1.51564288 9.40346432 10.93353748 15.34870625 37.67471695
34.97627258 9.24858379 6.35972023 6.65684557 1.32456231 1.51563764 9.40346336 10.93353367 15.28940868 37.64927292
34.80865479 8.87441540 6.16931581 6.53971863 1.32118297 1.51562905 9.40346336 10.93352890 15.23255634 37.62418747
34.64167404 8.50359917 5.98160458 6.42358303 1.31811178 1.51561916 9.40346336 10.93352127 15.17932415 37.59940338
34.47544098 8.14037704 5.79657412 6.30853653 1.31532466 1.51560891 9.40346146 10.93351269 15.12929440 37.57488632
34.31372070 7.79250193 5.62681103 6.19556141 1.31279993 1.51560044 9.40345764 10.93350506 15.08190250 37.55060959
34.21638107 7.45562649 5.52953768 6.09668350 1.31051695 1.51559138 9.40345097 10.93349552 15.03765297 37.52655029
34.15348053 7.13307333 5.45822191 6.00650883 1.30844796 1.51560986 9.40342712 10.93350220 14.99620247 37.50251770
34.10269547 6.83006573 5.39375687 5.91821575 1.30659461 1.51560271 9.40342045 10.93349361 14.95526123 37.47889328
34.06007385 6.53933859 5.33216953 5.83316660 1.30492735 1.51560402 9.40340710 10.93348885 14.91641998 37.45541000
34.02658081 6.25771189 5.28139734 5.75021839 1.30343461 1.51560354 9.40339375 10.93348312 14.87936974 37.43213654
33.99886322 5.98245621 5.23410511 5.66898441 1.30210078 1.51560080 9.40338039 10.93347549 14.84412384 37.40904999
33.97721863 5.71369362 5.19108820 5.58913994 1.30091524 1.51558948 9.40337372 10.93346310 14.81013966 37.38626099
33.95658112 5.45693207 5.15004301 5.51096487 1.29986036 1.51558208 9.40336323 10.93345165 14.77787876 37.36362076
33.93610001 5.21428204 5.11096048 5.43420553 1.29892492 1.51557446 9.40335274 10.93344021 14.74714088 37.34113693
33.91534805 4.98650789 5.07291794 5.35877562 1.29809844 1.51556480 9.40334225 10.93342781 14.71757126 37.31884003
33.89428711 4.77247953 5.03620386 5.28464794 1.29737008 1.51555312 9.40333271 10.93341351 14.68914413 37.29672623
33.87295151 4.57096291 5.00057030 5.21184063 1.29672980 1.51554036 9.40332413 10.93339825 14.66201591 37.27477646
33.85148621 4.38345051 4.96608925 5.14034843 1.29616868 1.51552665 9.40331459 10.93338203 14.63629627 37.25298691
33.82981873 4.20860291 4.93278694 5.07018232 1.29567790 1.51551223 9.40330410 10.93336487 14.61198711 37.23134613
33.80784225 4.04509115 4.90059710 5.00130939 1.29524970 1.51549745 9.40329456 10.93334866 14.58893585 37.20985031
33.78558731 3.89405370 4.86941147 4.93372154 1.29487705 1.51548219 9.40328503 10.93333054 14.56706047 37.18849945
33.76314545 3.76122761 4.83925152 4.86741066 1.29455376 1.51546621 9.40327454 10.93331242 14.54668140 37.16728592
33.74085236 3.64574289 4.80983257 4.80243063 1.29427326 1.51544976 9.40326500 10.93329334 14.52780914 37.14620590
33.71838760 3.53830719 4.78182125 4.73872662 1.29403114 1.51543272 9.40325451 10.93327427 14.51004219 37.12526321
33.69573212 3.44043350 4.75466919 4.67629766 1.29382217 1.51541579 9.40324306 10.93325424 14.49342823 37.10443878
33.67300034 3.35550499 4.72837830 4.61513662 1.29364240 1.51539743 9.40323257 10.93323326 14.47812366 37.08375168
33.65205765 3.29160881 4.70310116 4.55570889 1.29348779 1.51537716 9.40322304 10.93321133 14.46481705 37.06320953
33.63107300 3.22886419 4.67984819 4.49761248 1.29335487 1.51535869 9.40321255 10.93319035 14.45182419 37.04277039
33.60988998 3.17104721 4.65710258 4.44068480 1.29324019 1.51534057 9.40320015 10.93316936 14.43959427 37.02243423
33.58844376 3.11883521 4.63484669 4.38493156 1.29314160 1.51532197 9.40318871 10.93314838 14.42786312 37.00223160
33.56676865 3.07246637 4.61315870 4.33035803 1.29305685 1.51530302 9.40317631 10.93312645 14.41677952 36.98214340
33.54502106 3.03357768 4.59211206 4.27702713 1.29298389 1.51528287 9.40316582 10.93310452 14.40639973 36.96217728
33.52390289 3.00309753 4.57164478 4.22524261 1.29292071 1.51526237 9.40315342 10.93308067 14.39686012 36.94234467
33.50263596 2.97245502 4.55218554 4.17463493 1.29286599 1.51524210 9.40314198 10.93305779 14.38768673 36.92261505
33.48118591 2.94407034 4.53315544 4.12515831 1.29281795 1.51522171 9.40312862 10.93303490 14.37888908 36.90300369
33.45965576 2.91937828 4.51445770 4.07688189 1.29277599 1.51520085 9.40311623 10.93301105 14.37058258 36.88351822
33.43837357 2.89838910 4.49636936 4.02994251 1.29273915 1.51517916 9.40310383 10.93298721 14.36271000 36.86415100
33.41772842 2.88073516 4.47916651 3.98451710 1.29270709 1.51515532 9.40309143 10.93296146 14.35516930 36.84492874
33.39730072 2.86287808 4.46266127 3.94037080 1.29267752 1.51513338 9.40307808 10.93293667 14.34805775 36.82579803
33.37678146 2.84564471 4.44664860 3.89730620 1.29265034 1.51511133 9.40306473 10.93291187 14.34117126 36.80678177
33.35613251 2.82940173 4.43089247 3.85529327 1.29262543 1.51508939 9.40305042 10.93288708 14.33454514 36.78787231
33.33552551 2.81559992 4.41545391 3.81444931 1.29260266 1.51506650 9.40303707 10.93286037 14.32816124 36.76909256
33.31510162 2.80351186 4.40049839 3.77486682 1.29258168 1.51504242 9.40302372 10.93283463 14.32196045 36.75043869
33.29460144 2.79082489 4.38591099 3.73633504 1.29256117 1.51501930 9.40300941 10.93280792 14.31598282 36.73188782
33.27392960 2.77887797 4.37161064 3.69878912 1.29254186 1.51499546 9.40299511 10.93278122 14.31013584 36.71345139
33.25342560 2.76870060 4.35739851 3.66247821 1.29252303 1.51497126 9.40297985 10.93275356 14.30452919 36.69513321
33.23272705 2.75815129 4.34368801 3.62711573 1.29250491 1.51494682 9.40296650 10.93272591 14.29901600 36.67692566
33.21295929 2.75184321 4.33012390 3.59375048 1.29248726 1.51492012 9.40295124 10.93269730 14.29382038 36.65886307
33.19326782 2.74335337 4.31761551 3.56148314 1.29246998 1.51489472 9.40293694 10.93266869 14.28868484 36.64089584
33.17343903 2.73431492 4.30513573 3.53001833 1.29245234 1.51486969 9.40292168 10.93264008 14.28366756 36.62303543
33.15348816 2.72530508 4.29265022 3.49938798 1.29243469 1.51484454 9.40290642 10.93261147 14.27880096 36.60528183
33.13349152 2.71694016 4.28036690 3.46978259 1.29241729 1.51481843 9.40289021 10.93258190 14.27402878 36.58764648
33.11359406 2.70965552 4.26832914 3.44143414 1.29239988 1.51479137 9.40287495 10.93255138 14.26934910 36.57013702
33.09372711 2.70236635 4.25655508 3.41416073 1.29238260 1.51476431 9.40285969 10.93252087 14.26476002 36.55273819
33.07378387 2.69481707 4.24490118 3.38767791 1.29236519 1.51473725 9.40284348 10.93249035 14.26028156 36.53543854
33.05401611 2.68842602 4.23333025 3.36249518 1.29234743 1.51470912 9.40282726 10.93245888 14.25589752 36.51826096
33.03441620 2.68244982 4.22218037 3.33861923 1.29232955 1.51467955 9.40281200 10.93242645 14.25153542 36.50121689
33.01475525 2.67553639 4.21115208 3.31529021 1.29231155 1.51465178 9.40279484 10.93239498 14.24733067 36.48425293
32.99501801 2.66886306 4.20018435 3.29267979 1.29229355 1.51462340 9.40277767 10.93236351 14.24317551 36.46741104
32.97550964 2.66346478 4.18931818 3.27129936 1.29227495 1.51459324 9.40276051 10.93232918 14.23908520 36.45069885
32.95603180 2.65791607 4.17889023 3.25076628 1.29225624 1.51456296 9.40274334 10.93229580 14.23501110 36.43410110
32.93650818 2.65192103 4.16836596 3.23066354 1.29223764 1.51453388 9.40272617 10.93226242 14.23109245 36.41759491
32.91701508 2.64607239 4.15792513 3.21133566 1.29221880 1.51450348 9.40270805 10.93222904 14.22721100 36.40121841
32.89755630 2.64063263 4.14776802 3.19276214 1.29219949 1.51447225 9.40269089 10.93219376 14.22335720 36.38496017
32.87800217 2.63473868 4.13767147 3.17456985 1.29218042 1.51444185 9.40267277 10.93215942 14.21960163 36.36879349
32.85842133 2.62927461 4.12757015 3.15696216 1.29216111 1.51441038 9.40265465 10.93212509 14.21588993 36.35275650
32.83903122 2.62458539 4.11752176 3.14014912 1.29214096 1.51437783 9.40263557 10.93208885 14.21223736 36.33684540
32.81967926 2.61984420 4.10786152 3.12394500 1.29212070 1.51434445 9.40261650 10.93205166 14.20855904 36.32105255
32.80028534 2.61468148 4.09810781 3.10803676 1.29210114 1.51431262 9.40259743 10.93201542 14.20501709 36.30534363
32.78087997 2.60954642 4.08842754 3.09262919 1.29208076 1.51427948 9.40257835 10.93197823 14.20148277 36.28976059
32.76145172 2.60454106 4.07890224 3.07765269 1.29206014 1.51424587 9.40255833 10.93194103 14.19797516 36.27428818
32.74193573 2.59945965 4.06940603 3.06299782 1.29203999 1.51421237 9.40253830 10.93190289 14.19451714 36.25891876
32.72248459 2.59496164 4.05987930 3.04883385 1.29201889 1.51417780 9.40251827 10.93186474 14.19109535 36.24366760
32.70311356 2.59075046 4.05058479 3.03517842 1.29199672 1.51414192 9.40249825 10.93182468 14.18764496 36.22854233
32.68366623 2.58593392 4.04131269 3.02173209 1.29197621 1.51410723 9.40247726 10.93178654 14.18429184 36.21350098
32.66416931 2.58125091 4.03202295 3.00860119 1.29195511 1.51407194 9.40245533 10.93174648 14.18096542 36.19857025
32.64470291 2.57700562 4.02282476 2.99587440 1.29193318 1.51403534 9.40243530 10.93170547 14.17763519 36.18376160
32.62515259 2.57242537 4.01372766 2.98338079 1.29191196 1.51399887 9.40241337 10.93166542 14.17434597 36.16904068
32.60551834 2.56790400 4.00458479 2.97111464 1.29189110 1.51396251 9.40239143 10.93162537 14.17109966 36.15442276
32.58596420 2.56402516 3.99542356 2.95923281 1.29186845 1.51392460 9.40237045 10.93158245 14.16786385 36.13991928
32.56637573 2.55995178 3.98648453 2.94762373 1.29184568 1.51388621 9.40234756 10.93154049 14.16461849 36.12551880
32.54671860 2.55575824 3.97745490 2.93617487 1.29182494 1.51384890 9.40232468 10.93149853 14.16146183 36.11119843
32.52703476 2.55167866 3.96845722 2.92499804 1.29180253 1.51380992 9.40230274 10.93145561 14.15829086 36.09698486
32.50727844 2.54746699 3.95954251 2.91400313 1.29178059 1.51377082 9.40227985 10.93141270 14.15515614 36.08286285
32.48744583 2.54335999 3.95059919 2.90317917 1.29175937 1.51373148 9.40225697 10.93136883 14.15206051 36.06882477
32.46757507 2.53946114 3.94166374 2.89257336 1.29173708 1.51369131 9.40223312 10.93132401 14.14896679 36.05488968
32.44762802 2.53548002 3.93277812 2.88213158 1.29171526 1.51365077 9.40220928 10.93127918 14.14589882 36.04103851
32.42761612 2.53158689 3.92386580 2.87184143 1.29169393 1.51361001 9.40218544 10.93123436 14.14286900 36.02727127
32.40754700 2.52782083 3.91496754 2.86172414 1.29167187 1.51356852 9.40216160 10.93118763 14.13984680 36.01359940
32.38742447 2.52407837 3.90608454 2.85175085 1.29165053 1.51352668 9.40213680 10.93114185 14.13685513 36.00000763
32.36725998 2.52049327 3.89719391 2.84192729 1.29162896 1.51348424 9.40211201 10.93109417 14.13388920 35.98649216
32.34709549 2.51710916 3.88829947 2.83226848 1.29160726 1.51344121 9.40208626 10.93104649 14.13095188 35.97306442
32.32706070 2.51411748 3.87942481 2.82282352 1.29158485 1.51339757 9.40206051 10.93099880 14.12806129 35.95971298
32.30715942 2.51128149 3.87088156 2.81361079 1.29156089 1.51335323 9.40203285 10.93095016 14.12516212 35.94644928
32.28719711 2.50774932 3.86245322 2.80450130 1.29153955 1.51330924 9.40200710 10.93090057 14.12228394 35.93325806
32.26709366 2.50403500 3.85387778 2.79544497 1.29152167 1.51326537 9.40198040 10.93085194 14.11947536 35.92012787
32.24686813 2.50045800 3.84526896 2.78645778 1.29150307 1.51322067 9.40195370 10.93080235 14.11667919 35.90706635
32.22653961 2.49699450 3.83663845 2.77753711 1.29148531 1.51317537 9.40192699 10.93075180 14.11390591 35.89407730
32.20609665 2.49360013 3.82797575 2.76867604 1.29146838 1.51312935 9.40189934 10.93070126 14.11115646 35.88116074
32.18553543 2.49026966 3.81928778 2.75987244 1.29145217 1.51308274 9.40187168 10.93064976 14.10842896 35.86831284
32.16486359 2.48698235 3.81057882 2.75112152 1.29143739 1.51303589 9.40184307 10.93059826 14.10572720 35.85553741
32.14406204 2.48372698 3.80184269 2.74241781 1.29142392 1.51298809 9.40181351 10.93054581 14.10305119 35.84282684
32.12313461 2.48050952 3.79307771 2.73375702 1.29141200 1.51294005 9.40178490 10.93049431 14.10040283 35.83018112
32.10207748 2.47732973 3.78428149 2.72513580 1.29140210 1.51289153 9.40175438 10.93044090 14.09778118 35.81760025
32.08088303 2.47418213 3.77545190 2.71655226 1.29139411 1.51284266 9.40172577 10.93038654 14.09518909 35.80508423
32.05955124 2.47105956 3.76658845 2.70800591 1.29138851 1.51279306 9.40169430 10.93033314 14.09262657 35.79263306
32.03808594 2.46795273 3.75768971 2.69949722 1.29138529 1.51274288 9.40166378 10.93027878 14.09009171 35.78024673
32.01648712 2.46485090 3.74875522 2.69102883 1.29138505 1.51269221 9.40163326 10.93022346 14.08758926 35.76791763
31.99475288 2.46174765 3.73978758 2.68260384 1.29138744 1.51264095 9.40160179 10.93016815 14.08511353 35.75564957
31.97289467 2.45864201 3.73078918 2.67422819 1.29139268 1.51258922 9.40157127 10.93011189 14.08266735 35.74345016
31.95092010 2.45553637 3.72176313 2.66590762 1.29140067 1.51253700 9.40153885 10.93005562 14.08024788 35.73130035
31.92884445 2.45243669 3.71271420 2.65764904 1.29141128 1.51248431 9.40150738 10.92999840 14.07785130 35.71921539
31.90668106 2.44935060 3.70364738 2.64946175 1.29142380 1.51243079 9.40147591 10.92994118 14.07547474 35.70718765
31.88446617 2.44627976 3.69457245 2.64135623 1.29143703 1.51237655 9.40144348 10.92988300 14.07311344 35.69521713
31.86223984 2.44320917 3.68551469 2.63334846 1.29144979 1.51232159 9.40141010 10.92982388 14.07075500 35.68331146
31.84004402 2.44008422 3.67654371 2.62545085 1.29145861 1.51226556 9.40137768 10.92976475 14.06837082 35.67145920
31.81785011 2.43686748 3.66761494 2.61764693 1.29146671 1.51220906 9.40134430 10.92970467 14.06596947 35.65966797
31.79555130 2.43356085 3.65862489 2.60995865 1.29148495 1.51215279 9.40131092 10.92964458 14.06361198 35.64791870
31.77311134 2.43017101 3.64968705 2.60232425 1.29150283 1.51209569 9.40127754 10.92958450 14.06124401 35.63624191
31.75053978 2.42681336 3.64071727 2.59466362 1.29151833 1.51203740 9.40124416 10.92952347 14.05885029 35.62462234
31.72783279 2.42351890 3.63169932 2.58698845 1.29153311 1.51197839 9.40121078 10.92946148 14.05644321 35.61306000
31.70498848 2.42024612 3.62264514 2.57930446 1.29154658 1.51191854 9.40117645 10.92939854 14.05402374 35.60155487
31.68199921 2.41698694 3.61355901 2.57160449 1.29155850 1.51185787 9.40114307 10.92933559 14.05158997 35.59009933
31.65886497 2.41374588 3.60444021 2.56388092 1.29156840 1.51179624 9.40110779 10.92927170 14.04913807 35.57870102
31.63558388 2.41052485 3.59528899 2.55612969 1.29157603 1.51173377 9.40107250 10.92920685 14.04666996 35.56735229
31.61216354 2.40732455 3.58610773 2.54834604 1.29158103 1.51167047 9.40103817 10.92914200 14.04418373 35.55606079
31.58860397 2.40415192 3.57690120 2.54052877 1.29158282 1.51160634 9.40100193 10.92907619 14.04167747 35.54482269
31.56491089 2.40101504 3.56767631 2.53267908 1.29158139 1.51154113 9.40096664 10.92900944 14.03915119 35.53363419
31.54108810 2.39792395 3.55843902 2.52479863 1.29157603 1.51147509 9.40093136 10.92894077 14.03660583 35.52250290
31.51714706 2.39488554 3.54919529 2.51688862 1.29156709 1.51140821 9.40089417 10.92887211 14.03403950 35.51141739
31.49308205 2.39190197 3.53994703 2.50894785 1.29155433 1.51134014 9.40085793 10.92880154 14.03145885 35.50038910
31.46889687 2.38897204 3.53069425 2.50097656 1.29153824 1.51127136 9.40081978 10.92873192 14.02885914 35.48940659
31.44459152 2.38609767 3.52143717 2.49297428 1.29151893 1.51120138 9.40078259 10.92866135 14.02624607 35.47847366
31.42016029 2.38328362 3.51217818 2.48494124 1.29149640 1.51113081 9.40074444 10.92858982 14.02361870 35.46758652
31.39560699 2.38053584 3.50291848 2.47687602 1.29147112 1.51105940 9.40070629 10.92851543 14.02098274 35.45674896
31.37092590 2.37786126 3.49365950 2.46877813 1.29144311 1.51098680 9.40066719 10.92844200 14.01833153 35.44595718
31.34611511 2.37526751 3.48440099 2.46064663 1.29141247 1.51091337 9.40062809 10.92836761 14.01567173 35.43520737
31.32117271 2.37276196 3.47514439 2.45247865 1.29137933 1.51083887 9.40058899 10.92829227 14.01299953 35.42451477
31.29609680 2.37035131 3.46588778 2.44427085 1.29134381 1.51076376 9.40054893 10.92821503 14.01031780 35.41385651
31.27088356 2.36803317 3.45663142 2.43602037 1.29130590 1.51068771 9.40050888 10.92813778 14.00762558 35.40325165
31.24552917 2.36578703 3.44737458 2.42772532 1.29126596 1.51061070 9.40046787 10.92805958 14.00492287 35.39268875
31.22003746 2.36357450 3.43812013 2.41938806 1.29122436 1.51053274 9.40042782 10.92798042 14.00221157 35.38216782
31.19440651 2.36134505 3.42887330 2.41101742 1.29118109 1.51045394 9.40038586 10.92790031 13.99949551 35.37168884
31.16863441 2.35905719 3.41964149 2.40262604 1.29113638 1.51037431 9.40034389 10.92781925 13.99677372 35.36125946
31.14272118 2.35669899 3.41043067 2.39422369 1.29109061 1.51029396 9.40030098 10.92773724 13.99405003 35.35086441
31.11667633 2.35429621 3.40124702 2.38581634 1.29104435 1.51021242 9.40025902 10.92765427 13.99132442 35.34051132
31.09049797 2.35189366 3.39209604 2.37740397 1.29099727 1.51013005 9.40021610 10.92757034 13.98859692 35.33020401
31.06419373 2.34953332 3.38297987 2.36898470 1.29094934 1.51004696 9.40017223 10.92748547 13.98586464 35.31993484
31.03777122 2.34723258 3.37390065 2.36055565 1.29090047 1.50996280 9.40012836 10.92740059 13.98312950 35.30970001
31.01123428 2.34499097 3.36486268 2.35211611 1.29085112 1.50987792 9.40008354 10.92731380 13.98038673 35.29951096
30.98459435 2.34280562 3.35587263 2.34366751 1.29080105 1.50979197 9.40003777 10.92722511 13.97763920 35.28935623
30.95786476 2.34069157 3.34694052 2.33521199 1.29075038 1.50970531 9.39999294 10.92713737 13.97488976 35.27923965
30.93106079 2.33864927 3.33807683 2.32675171 1.29069901 1.50961769 9.39994621 10.92704773 13.97213554 35.26916885
30.90421104 2.33677220 3.32930160 2.31828523 1.29064691 1.50952899 9.39990044 10.92695808 13.96937847 35.25912857
30.87735176 2.33489680 3.32061815 2.30981827 1.29059422 1.50943947 9.39985275 10.92686749 13.96662045 35.24913025
30.85054588 2.33372498 3.31211400 2.30133057 1.29053867 1.50934887 9.39980412 10.92677498 13.96385098 35.23916626
30.82385254 2.33155417 3.30366206 2.29283571 1.29047871 1.50925672 9.39975548 10.92668247 13.96106529 35.22925186
30.79730988 2.33039284 3.29553032 2.28438044 1.29041326 1.50916374 9.39970684 10.92658806 13.95826530 35.21938324
30.77085876 2.32881808 3.28761339 2.27618003 1.29035211 1.50907004 9.39965725 10.92649364 13.95546913 35.20956039
30.74435616 2.32849669 3.27989244 2.26825714 1.29030752 1.50897717 9.39960861 10.92639923 13.95271873 35.19972992
30.71777534 2.32737875 3.27220249 2.26030946 1.29026151 1.50888288 9.39955902 10.92630196 13.94995403 35.18995285
30.69112396 2.32556486 3.26466727 2.25235510 1.29021168 1.50878727 9.39950943 10.92620468 13.94717789 35.18022156
30.66440010 2.32782102 3.25754118 2.24439549 1.29016471 1.50869107 9.39945698 10.92610741 13.94437790 35.17050934
30.63764572 2.32659268 3.25038075 2.23635340 1.29010856 1.50859404 9.39940643 10.92600822 13.94154263 35.16085052
30.61080360 2.32989383 3.24330616 2.22831893 1.29005945 1.50849736 9.39935684 10.92591095 13.93874741 35.15117645
30.58393669 2.33314085 3.23779726 2.22049689 1.29000902 1.50839710 9.39930153 10.92580891 13.93590069 35.14159393
30.55704117 2.33871222 3.23232055 2.21266556 1.28995275 1.50829732 9.39924812 10.92570782 13.93302536 35.13202667
30.53009224 2.34667134 3.22745442 2.20484900 1.28989661 1.50819910 9.39919853 10.92560863 13.93016148 35.12244797
30.50304413 2.35090089 3.22364712 2.19729424 1.28985000 1.50809634 9.39913845 10.92550659 13.92727566 35.11294556
30.47599602 2.36524940 3.22082019 2.19003892 1.28979802 1.50799429 9.39908218 10.92540359 13.92438030 35.10348892
30.44884872 2.38070488 3.22054148 2.18316317 1.28976059 1.50789535 9.39902687 10.92530632 13.92153931 35.09395218
30.42172432 2.40037179 3.22213578 2.17657757 1.28971767 1.50779593 9.39897251 10.92520905 13.91868496 35.08444977
30.39466476 2.42299438 3.22619534 2.17043042 1.28967190 1.50769711 9.39891624 10.92511177 13.91584969 35.07495880
30.36773491 2.44892430 3.23327661 2.16468239 1.28962100 1.50759828 9.39885998 10.92501831 13.91303253 35.06549072
30.34096909 2.47639632 3.23960996 2.15935993 1.28957653 1.50750089 9.39880371 10.92492580 13.91028690 35.05599594
30.31444550 2.50477958 3.24800134 2.15452623 1.28953528 1.50740540 9.39874744 10.92483616 13.90755367 35.04647064
30.28820038 2.53472209 3.25822997 2.15024948 1.28949511 1.50731170 9.39869118 10.92474842 13.90479755 35.03694153
30.26217651 2.56670594 3.27012897 2.14660501 1.28945363 1.50721848 9.39863491 10.92466450 13.90198231 35.02746201
30.23624420 2.60161066 3.28296709 2.14362597 1.28942132 1.50712657 9.39857864 10.92458248 13.89918995 35.01800537
