3.82516384 17.97231293 3.00779390 9.69149876 1.48422945 1.48422945 9.69149876 3.00779390 17.97231293 3.82516384
3.81955194 17.92126465 3.00178909 9.63194275 1.46321344 1.47372043 9.69134045 3.00526071 17.92034721 3.79295540
3.80511045 17.82771873 2.99025798 9.55822849 1.47058499 1.46559370 9.68984890 3.01520014 17.86751366 3.78273034
3.78261685 17.71368599 2.97400808 9.47305584 1.46407068 1.45264566 9.68512630 3.01827598 17.81869888 3.77584386
3.75963545 17.59971428 2.95883226 9.38264465 1.44366407 1.44312954 9.68157005 3.01699519 17.76194572 3.75623822
3.73817396 17.48509026 2.94652581 9.29335403 1.42591119 1.43947899 9.67669487 3.01532030 17.70924759 3.73903441
3.71690440 17.36798096 2.93685722 9.20644474 1.41716301 1.44344079 9.67174625 3.01403713 17.65941811 3.72556710
3.68644238 17.22610283 2.92407537 9.11635113 1.41005409 1.44678140 9.66700745 3.01297426 17.61303329 3.71004462
3.64273453 17.04585457 2.89873433 9.01740360 1.39345491 1.43919885 9.66210175 3.01162243 17.56467438 3.69051766
3.59476399 16.85123634 2.86662912 8.91456699 1.37133992 1.42498314 9.65681458 3.01034999 17.51352310 3.67031431
3.54772711 16.65896988 2.83606219 8.81212139 1.35008574 1.41093946 9.65112495 3.00946879 17.46237564 3.65135980
3.50077057 16.46841240 2.80778313 8.70984745 1.32940936 1.39728570 9.64510632 3.00886011 17.41166687 3.63334322
3.45276785 16.27655411 2.78005958 8.60696602 1.30788898 1.38268685 9.63880825 3.00835299 17.36096764 3.61585069
3.40380931 16.08310890 2.75257421 8.50342083 1.28549528 1.36706483 9.63222218 3.00788379 17.31023788 3.59890795
3.35388136 15.88791752 2.72508407 8.39922237 1.26233304 1.35049403 9.62534142 3.00741482 17.25950623 3.58255839
3.30288577 15.69079971 2.69735646 8.29439449 1.23849583 1.33303738 9.61817551 3.00691414 17.20879364 3.56680989
3.25081658 15.49176121 2.66934657 8.18900013 1.21415019 1.31482828 9.61072350 3.00635958 17.15817451 3.55168033
3.19772100 15.29086971 2.64105582 8.08310413 1.18944919 1.29600537 9.60298920 3.00573802 17.10770988 3.53717971
3.14369392 15.08825874 2.61253810 7.97677135 1.16454172 1.27671444 9.59497643 3.00504446 17.05749702 3.52331376
3.08884907 14.88408470 2.58386326 7.87006092 1.13955188 1.25708437 9.58668900 3.00427818 17.00760651 3.51007771
3.03330708 14.67849731 2.55510044 7.76302624 1.11457622 1.23721898 9.57813168 3.00344038 16.95811844 3.49745798
2.97718954 14.47164440 2.52630663 7.65570927 1.08968437 1.21719563 9.56930828 3.00253391 16.90909576 3.48543334
2.92061853 14.26366520 2.49752378 7.54814768 1.06492388 1.19706881 9.56022549 3.00156069 16.86059380 3.47397852
2.86371779 14.05469036 2.46877742 7.44037294 1.04032767 1.17687368 9.55088711 3.00052357 16.81265259 3.46306515
2.80660868 13.84484768 2.44007826 7.33240795 1.01591730 1.15663111 9.54129791 2.99942398 16.76530075 3.45266438
2.74940157 13.63423920 2.41142464 7.22427654 0.99170619 1.13635027 9.53145790 2.99826527 16.71855354 3.44274783
2.69217753 13.42292976 2.38280344 7.11599636 0.96770149 1.11603320 9.52137375 2.99704862 16.67241478 3.43328881
2.63497186 13.21092892 2.35418868 7.00758410 0.94390607 1.09567761 9.51104355 2.99577737 16.62688446 3.42425919
2.57777023 12.99819279 2.32554317 6.89905262 0.92032212 1.07527971 9.50047207 2.99445343 16.58196259 3.41563177
2.52052546 12.78464985 2.29682422 6.79041338 0.89695567 1.05483627 9.48966217 2.99307847 16.53764343 3.40737748
2.46318555 12.57024288 2.26799393 6.68168163 0.87381923 1.03434348 9.47861958 2.99165320 16.49392128 3.39946699
2.40571880 12.35494614 2.23902607 6.57287169 0.85093153 1.01379550 9.46734619 2.99017978 16.45078278 3.39187479
2.34811950 12.13876534 2.20990896 6.46400356 0.82831490 0.99318343 9.45584488 2.98865962 16.40821266 3.38457799
2.29040051 11.92172623 2.18063879 6.35509682 0.80599427 0.97249752 9.44411564 2.98709536 16.36619186 3.37755775
2.23258424 11.70384407 2.15121722 6.24617243 0.78399986 0.95172822 9.43215847 2.98548865 16.32469940 3.37079740
2.17469954 11.48514271 2.12165260 6.13725471 0.76236677 0.93086553 9.41997623 2.98384118 16.28371620 3.36428070
2.11677980 11.26565075 2.09195757 6.02836657 0.74113363 0.90989918 9.40756893 2.98215532 16.24323082 3.35799384
2.05886650 11.04540443 2.06214762 5.91953373 0.72034180 0.88881791 9.39493656 2.98043203 16.20322227 3.35192513
2.00100946 10.82444668 2.03224087 5.81078053 0.70003366 0.86760908 9.38208199 2.97867322 16.16367722 3.34606314
1.94326961 10.60282993 2.00225687 5.70213461 0.68025166 0.84625804 9.36900616 2.97688103 16.12457657 3.34039736
1.88572121 10.38061142 1.97221470 5.59362221 0.66103655 0.82474810 9.35570908 2.97505569 16.08590698 3.33491802
1.82845509 10.15786457 1.94213367 5.48526907 0.64242613 0.80305952 9.34219265 2.97319865 16.04764938 3.32961583
1.77158225 9.93466473 1.91203213 5.37710333 0.62445343 0.78116941 9.32845688 2.97131085 16.00978661 3.32448101
1.71523511 9.71110249 1.88192749 5.26915026 0.60714602 0.75905180 9.31450272 2.96939182 15.97230530 3.31950283
1.65956545 9.48727036 1.85183728 5.16143703 0.59052485 0.73667759 9.30033207 2.96744204 15.93518734 3.31467199
1.60473502 9.26326561 1.82177877 5.05399036 0.57460392 0.71401536 9.28594494 2.96546149 15.89841557 3.30997753
1.55089498 9.03918648 1.79177070 4.94683695 0.55938935 0.69103259 9.27134228 2.96344900 15.86197376 3.30540967
1.49815810 8.81512165 1.76183271 4.84000397 0.54487944 0.66769683 9.25652504 2.96140552 15.82584572 3.30095983
1.44657063 8.59114456 1.73198450 4.73351955 0.53106332 0.64397722 9.24149418 2.95933104 15.79002285 3.29661965
1.39609826 8.36731148 1.70224321 4.62741089 0.51791900 0.61984444 9.22624874 2.95722723 15.75449944 3.29238343
1.34663653 8.14366627 1.67262280 4.52170515 0.50541329 0.59527040 9.21078873 2.95509505 15.71926498 3.28824592
1.29804933 7.92024231 1.64313364 4.41642809 0.49350435 0.57022750 9.19511223 2.95293546 15.68431950 3.28420067
1.25023031 7.69708300 1.61378050 4.31160402 0.48214754 0.54468876 9.17922115 2.95074749 15.64965534 3.28023791
1.20315027 7.47424603 1.58456516 4.20725298 0.47129765 0.51862723 9.16311646 2.94852757 15.61526489 3.27634645
1.15685558 7.25181389 1.55550051 4.10339642 0.46090421 0.49202064 9.14680099 2.94627452 15.58112812 3.27251482
1.11143887 7.02987385 1.52661645 4.00005960 0.45092359 0.46485904 9.13027287 2.94398785 15.54723454 3.26873565
1.06702316 6.80850029 1.49794650 3.89726615 0.44132614 0.43714339 9.11353588 2.94166780 15.51357460 3.26500249
1.02374506 6.58776665 1.46952260 3.79503989 0.43208319 0.40888053 9.09659195 2.93931413 15.48014069 3.26130915
0.98176050 6.36774874 1.44138014 3.69340491 0.42316887 0.38008437 9.07944393 2.93692684 15.44692421 3.25764918
0.94123244 6.14852285 1.41355777 3.59238434 0.41456226 0.35077590 9.06209850 2.93450665 15.41391945 3.25401783
0.90231252 5.93016338 1.38609469 3.49200225 0.40624544 0.32098156 9.04455757 2.93205357 15.38111782 3.25041032
0.86511940 5.71274185 1.35903037 3.39228129 0.39820519 0.29073307 9.02682781 2.92956948 15.34852028 3.24682307
0.82972133 5.49633360 1.33240139 3.29324508 0.39043182 0.26006562 9.00891399 2.92705560 15.31612110 3.24325323
0.79613096 5.28100777 1.30623817 3.19491649 0.38291734 0.22901577 8.99082375 2.92451406 15.28392029 3.23969913
0.76431465 5.06683874 1.28056490 3.09731722 0.37565449 0.19762017 8.97255993 2.92194676 15.25191784 3.23615956
0.73420930 4.85390234 1.25539911 3.00046802 0.36863586 0.16591494 8.95413017 2.91935611 15.22011185 3.23263359
0.70573843 4.64228249 1.23075354 2.90438962 0.36185497 0.13393822 8.93553734 2.91674423 15.18850136 3.22912002
0.67882234 4.43206835 1.20663798 2.80910158 0.35530731 0.10173713 8.91678619 2.91411257 15.15708542 3.22561836
0.65338427 4.22335386 1.18306100 2.71462250 0.34899309 0.06938858 8.89788151 2.91146374 15.12585926 3.22212696
0.62935400 4.01624632 1.16003299 2.62097263 0.34291980 0.03707764 8.87882710 2.90879917 15.09482574 3.21864629
0.60667342 3.81085777 1.13757193 2.52817273 0.33711150 0.00599071 8.85962868 2.90612340 15.06398678 3.21517634
0.58450413 3.60711050 1.11492693 2.43612671 0.33088621 0.00168168 8.84027863 2.90336084 15.03319168 3.21165252
0.56359851 3.40537977 1.09282100 2.34495950 0.32457927 0.00057226 8.82078648 2.90053821 15.00249195 3.20808363
0.54396552 3.20580029 1.07131767 2.25469947 0.31835541 0.00032385 8.80115891 2.89766359 14.97191620 3.20449662
0.52564400 3.00854397 1.05053139 2.16538405 0.31241491 0.00028290 8.78140163 2.89476013 14.94150829 3.20091081
0.50842279 2.81373835 1.03034389 2.07701731 0.30676618 0.00025579 8.76151466 2.89182663 14.91125870 3.19732285
0.49216840 2.62154961 1.01070273 1.98961329 0.30143136 0.00026399 8.74149990 2.88886642 14.88117409 3.19373465
0.47681299 2.43217993 0.99160427 1.90319359 0.29643291 0.00042887 8.72135925 2.88588333 14.85125256 3.19014859
0.46226346 2.24584603 0.97300088 1.81777358 0.29173857 0.00038851 8.70109177 2.88287640 14.82149029 3.18656421
0.44844329 2.06279683 0.95487392 1.73337471 0.28734681 0.00042092 8.68069649 2.87984800 14.79188633 3.18298221
0.43527508 1.88330972 0.93720102 1.65001941 0.28324825 0.00062935 8.66017342 2.87680101 14.76243591 3.17940402
0.42268464 1.70769918 0.91996861 1.56773245 0.27943626 0.00012225 8.63951588 2.87373781 14.73314190 3.17583323
0.41055566 1.53631151 0.90313107 1.48653483 0.27586120 0.00014234 8.61872101 2.87065959 14.70399475 3.17227077
0.39882416 1.36954522 0.88666028 1.40645063 0.27249050 0.00032012 8.59777832 2.86756682 14.67499065 3.16871929
0.38744387 1.20784914 0.87052345 1.32750523 0.26930219 0.00021458 8.57668495 2.86445951 14.64611721 3.16517973
0.37647223 1.05173600 0.85471171 1.24972522 0.26627728 0.00024142 8.55543804 2.86133265 14.61736298 3.16164804
0.36602432 0.90178424 0.83923477 1.17313957 0.26339766 0.00015913 8.53403854 2.85818100 14.58871269 3.15811801
0.35615659 0.75863397 0.82407159 1.09777570 0.26061472 0.00032204 8.51248646 2.85499668 14.56015205 3.15458441
0.34689623 0.62299329 0.80920446 1.02366662 0.25791001 0.00031978 8.49078655 2.85177469 14.53166676 3.15104270
0.33828849 0.49562535 0.79464036 0.95085102 0.25527951 0.00022003 8.46894646 2.84851265 14.50325584 3.14749122
0.33033460 0.37730461 0.78035742 0.87936926 0.25270146 0.00026096 8.44697571 2.84520531 14.47491169 3.14392638
0.32302120 0.26874238 0.76637316 0.80927080 0.25018534 0.00037882 8.42488194 2.84185362 14.44663715 3.14034939
0.31629315 0.17045066 0.75268197 0.74060917 0.24774098 0.00015414 8.40267658 2.83845830 14.41843605 3.13676119
0.31009796 0.08259172 0.73928219 0.67344183 0.24536753 0.00021849 8.38036919 2.83501983 14.39030933 3.13316035
0.30438638 0.00614432 0.72618097 0.60783190 0.24307856 0.00020405 8.35796547 2.83153963 14.36225700 3.12954879
0.29908949 0.00468112 0.71338671 0.54384506 0.24088001 0.00018026 8.33547592 2.82802176 14.33428669 3.12592912
0.29416591 0.00303657 0.70094830 0.48154908 0.23879568 0.00016309 8.31290245 2.82447410 14.30640697 3.12230611
0.28956982 0.00258095 0.68884063 0.42099741 0.23681182 0.00024327 8.29024887 2.82089448 14.27861691 3.11867762
0.28527871 0.00213817 0.67705137 0.36222935 0.23490472 0.00019344 8.26751900 2.81728053 14.25090218 3.11504173
0.28127453 0.00199489 0.66557527 0.30525956 0.23306844 0.00018050 8.24471760 2.81363130 14.22326469 3.11139774
0.27752477 0.00186129 0.65439790 0.25006154 0.23129258 0.00023329 8.22184658 2.80994654 14.19569874 3.10774493
0.27397215 0.00190072 0.64352918 0.19655484 0.22957924 0.00017166 8.19890881 2.80623031 14.16820717 3.10408664
0.27059540 0.00181045 0.63294929 0.14458564 0.22792673 0.00016032 8.17590618 2.80248189 14.14078522 3.10042143
0.26740125 0.00169131 0.62264103 0.09390074 0.22631714 0.00012667 8.15284061 2.79869795 14.11342812 3.09674740
0.26436943 0.00160832 0.61259204 0.04422066 0.22474192 0.00018373 8.12971497 2.79487753 14.08612728 3.09306335
0.26147446 0.00163418 0.60280305 0.00466205 0.22320357 0.00017143 8.10653210 2.79102230 14.05888367 3.08937025
0.25844324 0.00152620 0.59297037 0.00348516 0.22156589 0.00017070 8.08328819 2.78710318 14.03165245 3.08565450
0.25572923 0.00152037 0.58355254 0.00101821 0.22002292 0.00017401 8.05999565 2.78315759 14.00448704 3.08193088
0.25316605 0.00136306 0.57436121 0.00105827 0.21848986 0.00014625 8.03665257 2.77916694 13.97735596 3.07819176
0.25077736 0.00153045 0.56548738 0.00066309 0.21700904 0.00014503 8.01326370 2.77514362 13.95027733 3.07444310
0.24852571 0.00133036 0.55693024 0.00097390 0.21558706 0.00017993 7.98983097 2.77109098 13.92324924 3.07068658
0.24638997 0.00137087 0.54867256 0.00094906 0.21421391 0.00013957 7.96635532 2.76700759 13.89627075 3.06692195
0.24436973 0.00139749 0.54070467 0.00066010 0.21288502 0.00023610 7.94283772 2.76289272 13.86933613 3.06314778
0.24243866 0.00131265 0.53302103 0.00056197 0.21159533 0.00019511 7.91928005 2.75874710 13.84244537 3.05936480
0.24058810 0.00130638 0.52562356 0.00064271 0.21035221 0.00016667 7.89568233 2.75457358 13.81559658 3.05557442
0.23882246 0.00132458 0.51850122 0.00045683 0.20914665 0.00011037 7.87204647 2.75036955 13.78878689 3.05177522
0.23712356 0.00130310 0.51163995 0.00061648 0.20797247 0.00019613 7.84837437 2.74613571 13.76201153 3.04796743
0.23548721 0.00124085 0.50503945 0.00063182 0.20683484 0.00020357 7.82466602 2.74187374 13.73527336 3.04415107
0.23390271 0.00146399 0.49868870 0.00068157 0.20572996 0.00019198 7.80092239 2.73758316 13.70856762 3.04032707
0.23235956 0.00133049 0.49258420 0.00061468 0.20465773 0.00016633 7.77714443 2.73326564 13.68189335 3.03649569
0.23086691 0.00153079 0.48670688 0.00039675 0.20361289 0.00015642 7.75333357 2.72891903 13.65524769 3.03265548
0.22941822 0.00167821 0.48105744 0.00055922 0.20259340 0.00013227 7.72949028 2.72454405 13.62862778 3.02880645
0.22801016 0.00175928 0.47562438 0.00053822 0.20160060 0.00016644 7.70561504 2.72014165 13.60203266 3.02494931
0.22664599 0.00137024 0.47039390 0.00041863 0.20062982 0.00015874 7.68171120 2.71570992 13.57545853 3.02108264
0.22531687 0.00129104 0.46535993 0.00034696 0.19968139 0.00014878 7.65777826 2.71125007 13.54890251 3.01720715
0.22401761 0.00133972 0.46052071 0.00061932 0.19875884 0.00013192 7.63381958 2.70676422 13.52237034 3.01332378
0.22274515 0.00146191 0.45585912 0.00051726 0.19785677 0.00015061 7.60983515 2.70225048 13.49585438 3.00943160
0.22148743 0.00144397 0.45137423 0.00040312 0.19697520 0.00012385 7.58582592 2.69771123 13.46935654 3.00553203
0.22024831 0.00148918 0.44706264 0.00064897 0.19612119 0.00015558 7.56179190 2.69314790 13.44287491 3.00162530
0.21904179 0.00141998 0.44290349 0.00055326 0.19528408 0.00014554 7.53773451 2.68855691 13.41640568 2.99770927
0.21786158 0.00126817 0.43889183 0.00046186 0.19446084 0.00013818 7.51365471 2.68393731 13.38994408 2.99378395
0.21670048 0.00134918 0.43502444 0.00047131 0.19365685 0.00009304 7.48955584 2.67929268 13.36349392 2.98985028
0.21555209 0.00148973 0.43130243 0.00048466 0.19287413 0.00016504 7.46543741 2.67462420 13.33705616 2.98590970
0.21441759 0.00133481 0.42770597 0.00058663 0.19210856 0.00017320 7.44129992 2.66993046 13.31062508 2.98196054
0.21330008 0.00131862 0.42423776 0.00045027 0.19136076 0.00019859 7.41714430 2.66521215 13.28420162 2.97800398
0.21220180 0.00134617 0.42088315 0.00051221 0.19062731 0.00016826 7.39297152 2.66046786 13.25778008 2.97403860
0.21111710 0.00138468 0.41764209 0.00050646 0.18990970 0.00019098 7.36878300 2.65569949 13.23136234 2.97006488
0.21004435 0.00143204 0.41450915 0.00047382 0.18920961 0.00016667 7.34457970 2.65090752 13.20494938 2.96608377
0.20898663 0.00133472 0.41148192 0.00036724 0.18852589 0.00015212 7.32036161 2.64609194 13.17853737 2.96209478
0.20794770 0.00148849 0.40854046 0.00045028 0.18785265 0.00012657 7.29613018 2.64125037 13.15212250 2.95809650
0.20692086 0.00122948 0.40569520 0.00037072 0.18719529 0.00016762 7.27188730 2.63638568 13.12570572 2.95409083
0.20589377 0.00133449 0.40294194 0.00041828 0.18655707 0.00012449 7.24763203 2.63150096 13.09929180 2.95007873
0.20488177 0.00143897 0.40027606 0.00034535 0.18593363 0.00013412 7.22336483 2.62659383 13.07287502 2.94605899
0.20389418 0.00143256 0.39767903 0.00038947 0.18531799 0.00016630 7.19908810 2.62166047 13.04644871 2.94202995
0.20291464 0.00134407 0.39515719 0.00043597 0.18471339 0.00018759 7.17480135 2.61670423 13.02001381 2.93799329
0.20194231 0.00124164 0.39271250 0.00035360 0.18412597 0.00016680 7.15050602 2.61172771 12.99357605 2.93394971
0.20098352 0.00132095 0.39033195 0.00040124 0.18355015 0.00013231 7.12620306 2.60672855 12.96712875 2.92989850
0.20003431 0.00142306 0.38801837 0.00036902 0.18298621 0.00014570 7.10189199 2.60170746 12.94067478 2.92583966
0.19909573 0.00136851 0.38576630 0.00041600 0.18243654 0.00016165 7.07757330 2.59666562 12.91420746 2.92177343
0.19816479 0.00131063 0.38357478 0.00030607 0.18189821 0.00016947 7.05324841 2.59160280 12.88773251 2.91770005
0.19724625 0.00134284 0.38144109 0.00041307 0.18137334 0.00016522 7.02891731 2.58651924 12.86124039 2.91361952
0.19634491 0.00135644 0.37935245 0.00040892 0.18085545 0.00016926 7.00458097 2.58141232 12.83473396 2.90953016
0.19545066 0.00133463 0.37731811 0.00040812 0.18034919 0.00013720 6.98024082 2.57628536 12.80821323 2.90543437
0.19456482 0.00134972 0.37533790 0.00045070 0.17985949 0.00014904 6.95589590 2.57114029 12.78168011 2.90133166
0.19368222 0.00132576 0.37340122 0.00036959 0.17937692 0.00015150 6.93154621 2.56597471 12.75512695 2.89722204
0.19281161 0.00132666 0.37151274 0.00058195 0.17890859 0.00011258 6.90719318 2.56079030 12.72855949 2.89310551
0.19195712 0.00133031 0.36966062 0.00047695 0.17844650 0.00015857 6.88283682 2.55558372 12.70196819 2.88898087
0.19111282 0.00133343 0.36785036 0.00046443 0.17799389 0.00013115 6.85847807 2.55035758 12.67535686 2.88484955
0.19027154 0.00131307 0.36608207 0.00041910 0.17755410 0.00007439 6.83411694 2.54511380 12.64872551 2.88071156
0.18944345 0.00130333 0.36435074 0.00043492 0.17712478 0.00024840 6.80975342 2.53985119 12.62207317 2.87656665
0.18862870 0.00132325 0.36265203 0.00042985 0.17670296 0.00014785 6.78538942 2.53456831 12.59539318 2.87241435
0.18782301 0.00136661 0.36098883 0.00037330 0.17628983 0.00014183 6.76102495 2.52926636 12.56869125 2.86825490
0.18701795 0.00132362 0.35936201 0.00040750 0.17588817 0.00013873 6.73665905 2.52394819 12.54196358 2.86408973
0.18621871 0.00129835 0.35776773 0.00051175 0.17549634 0.00019871 6.71229267 2.51861215 12.51521301 2.85991836
0.18543138 0.00135913 0.35620254 0.00038775 0.17511299 0.00018806 6.68792534 2.51325798 12.48843193 2.85573983
0.18465512 0.00134889 0.35466638 0.00026705 0.17473732 0.00019041 6.66355801 2.50788498 12.46162224 2.85155463
0.18388908 0.00126825 0.35316074 0.00026918 0.17437030 0.00014992 6.63919067 2.50249481 12.43478394 2.84736252
0.18313657 0.00130922 0.35167685 0.00032527 0.17400931 0.00015684 6.61482477 2.49708509 12.40791130 2.84316325
0.18239443 0.00134450 0.35021946 0.00039106 0.17365551 0.00013046 6.59045982 2.49165750 12.38100433 2.83895731
0.18165728 0.00131904 0.34878922 0.00026020 0.17331260 0.00013883 6.56609678 2.48621392 12.35406971 2.83474541
0.18092564 0.00130573 0.34738454 0.00037873 0.17297868 0.00013564 6.54173565 2.48075485 12.32709885 2.83052707
0.18020146 0.00131924 0.34600362 0.00049446 0.17265366 0.00012793 6.51737690 2.47527933 12.30009651 2.82630253
0.17948467 0.00132753 0.34464437 0.00043134 0.17233469 0.00017327 6.49301958 2.46978664 12.27305794 2.82207179
0.17877457 0.00131834 0.34331059 0.00033684 0.17202480 0.00014722 6.46866512 2.46427894 12.24598217 2.81783509
0.17807558 0.00132555 0.34199476 0.00029181 0.17172115 0.00015858 6.44431305 2.45875406 12.21886826 2.81359172
0.17738333 0.00133125 0.34069860 0.00040169 0.17142434 0.00017037 6.41996384 2.45321250 12.19171429 2.80934215
0.17669325 0.00132780 0.33942640 0.00032531 0.17113635 0.00017799 6.39561796 2.44765735 12.16452408 2.80508709
0.17600906 0.00131702 0.33817625 0.00034479 0.17085673 0.00015580 6.37127495 2.44208765 12.13729286 2.80082655
0.17533758 0.00131249 0.33694020 0.00031442 0.17058131 0.00015814 6.34693480 2.43650007 12.11001873 2.79655910
0.17467782 0.00131069 0.33572188 0.00030714 0.17031105 0.00014668 6.32259798 2.43089604 12.08269978 2.79228520
0.17402560 0.00131668 0.33451983 0.00029492 0.17004716 0.00017088 6.29826498 2.42527676 12.05533791 2.78800535
0.17337744 0.00131981 0.33333874 0.00029821 0.16979252 0.00016052 6.27393675 2.41964412 12.02793121 2.78372025
0.17273644 0.00131964 0.33217230 0.00048273 0.16954423 0.00016201 6.24961281 2.41399693 12.00047970 2.77942896
0.17210136 0.00132206 0.33102149 0.00034165 0.16930142 0.00015905 6.22529316 2.40833426 11.97298050 2.77513194
0.17146778 0.00132515 0.32989037 0.00041880 0.16906765 0.00015644 6.20097828 2.40265965 11.94543839 2.77083039
0.17084104 0.00132571 0.32877406 0.00041746 0.16883965 0.00016511 6.17666817 2.39697051 11.91784668 2.76652288
0.17022365 0.00132495 0.32767096 0.00039716 0.16861574 0.00016676 6.15236235 2.39126611 11.89020443 2.76220942
0.16961409 0.00132424 0.32658258 0.00027458 0.16839750 0.00016876 6.12806177 2.38554716 11.86250973 2.75789046
0.16900860 0.00132456 0.32550970 0.00034821 0.16818576 0.00015337 6.10376596 2.37981582 11.83476639 2.75356627
0.16840957 0.00132506 0.32445073 0.00029382 0.16798005 0.00016955 6.07947588 2.37407017 11.80697060 2.74923682
0.16781645 0.00132386 0.32340354 0.00049660 0.16777878 0.00014695 6.05519104 2.36831069 11.77911949 2.74490166
0.16722700 0.00132484 0.32237431 0.00048871 0.16758484 0.00015258 6.03091097 2.36253953 11.75121784 2.74056196
0.16664736 0.00132440 0.32135293 0.00037327 0.16739467 0.00018573 6.00663662 2.35675311 11.72325802 2.73621631
0.16607122 0.00132318 0.32034501 0.00034019 0.16720870 0.00014262 5.98236752 2.35095358 11.69524097 2.73186564
0.16549757 0.00132475 0.31935599 0.00034733 0.16703182 0.00012916 5.95810509 2.34514403 11.66717243 2.72751093
0.16493386 0.00132659 0.31837282 0.00032499 0.16685759 0.00013311 5.93384790 2.33931923 11.63903999 2.72315025
0.16437903 0.00132814 0.31740084 0.00031909 0.16668612 0.00011685 5.90959597 2.33348036 11.61084843 2.71878409
0.16382986 0.00132825 0.31643948 0.00032338 0.16651997 0.00017385 5.88535213 2.32762837 11.58259583 2.71441293
0.16328743 0.00132902 0.31548995 0.00033392 0.16635907 0.00013905 5.86111450 2.32176423 11.55428314 2.71003675
0.16274697 0.00132861 0.31455171 0.00029622 0.16620404 0.00017319 5.83688402 2.31588864 11.52590847 2.70565653
