8.14848423 18.42503548 11.02035522 11.02836895 2.14249277 2.14249277 11.02836895 11.02035522 18.42503738 8.14848423
8.13838100 18.32447433 11.02436733 11.00586987 2.14142656 2.14142656 11.00586987 11.02436733 18.32447624 8.13838100
8.12331390 18.20322800 11.01922798 10.99875736 2.12761140 2.12761140 10.99875736 11.01922798 18.20322800 8.12331390
8.09772301 18.07133102 11.00939941 10.99183655 2.11142588 2.11142588 10.99183655 11.00939941 18.07133293 8.09772301
8.06481552 17.93075371 10.99813557 10.98376751 2.09253407 2.09253407 10.98376846 10.99813557 17.93075562 8.06481457
8.03280640 17.78789139 10.98515320 10.97432995 2.07268238 2.07268238 10.97432995 10.98515224 17.78789139 8.03280735
8.00273418 17.64479637 10.97121239 10.96387577 2.05233288 2.05233288 10.96387577 10.97121239 17.64479828 8.00273418
7.97412729 17.50176239 10.95671082 10.95244026 2.03149343 2.03149343 10.95244026 10.95670986 17.50176048 7.97412729
7.94573736 17.35932922 10.94164276 10.94015884 2.01041079 2.01041079 10.94015884 10.94164276 17.35932922 7.94573736
7.91758633 17.21698189 10.92617321 10.92722321 1.98935926 1.98935926 10.92722321 10.92617321 17.21697998 7.91758633
7.88892841 17.07482529 10.91107941 10.91349602 1.96931624 1.96931624 10.91349602 10.91107941 17.07482529 7.88892841
7.85910368 16.93999863 10.89833260 10.89962482 1.94943774 1.94943774 10.89962482 10.89833355 16.93999863 7.85910368
7.82970905 16.81652069 10.88685226 10.88546848 1.92903936 1.92903936 10.88546848 10.88685131 16.81652069 7.82970905
7.80126715 16.69983673 10.87536526 10.87126827 1.90836751 1.90836751 10.87126827 10.87536526 16.69983482 7.80126762
7.77376842 16.58697128 10.86335754 10.85673523 1.88710320 1.88710320 10.85673523 10.86335754 16.58697128 7.77376890
7.74625158 16.48055840 10.85059547 10.84168720 1.86503911 1.86503911 10.84168720 10.85059643 16.48055840 7.74625158
7.71974182 16.38049698 10.83750248 10.82597637 1.84267747 1.84267747 10.82597637 10.83750248 16.38049698 7.71974182
7.69341373 16.28278542 10.82382965 10.80974483 1.81949222 1.81949222 10.80974483 10.82382870 16.28278542 7.69341373
7.66743660 16.18659592 10.80979252 10.79323387 1.79604340 1.79604340 10.79323387 10.80979156 16.18659401 7.66743612
7.64268398 16.09202194 10.79562759 10.77649307 1.77287769 1.77287769 10.77649307 10.79562759 16.09202194 7.64268398
7.61881876 15.99922085 10.78146172 10.75953197 1.74979901 1.74979901 10.75953197 10.78146076 15.99922085 7.61881876
7.59577560 15.90843964 10.76736355 10.74235630 1.72667181 1.72667181 10.74235725 10.76736259 15.90843964 7.59577608
7.57344675 15.81949139 10.75335026 10.72498703 1.70354700 1.70354700 10.72498703 10.75334930 15.81949234 7.57344675
7.55172014 15.73216534 10.73942089 10.70741367 1.68051469 1.68051469 10.70741367 10.73942089 15.73216438 7.55172110
7.53061295 15.64801884 10.72570324 10.68953419 1.65807903 1.65807903 10.68953419 10.72570324 15.64801788 7.53061247
7.51163101 15.57123089 10.71286869 10.67136478 1.63770032 1.63770032 10.67136478 10.71286774 15.57123184 7.51163101
7.49216270 15.49858952 10.70023155 10.65310001 1.61617684 1.61617684 10.65310001 10.70023155 15.49858856 7.49216318
7.47211790 15.42660141 10.68748760 10.63473225 1.59349275 1.59349275 10.63473225 10.68748760 15.42660141 7.47211790
7.45230675 15.35431957 10.67485809 10.61622047 1.57082808 1.57082808 10.61622047 10.67485809 15.35431957 7.45230675
7.43288755 15.28250504 10.66239548 10.59752560 1.54845238 1.54845226 10.59752560 10.66239452 15.28250313 7.43288803
7.41374350 15.21159744 10.65009594 10.57866478 1.52628994 1.52628994 10.57866478 10.65009499 15.21159744 7.41374397
7.39484453 15.14201450 10.63796902 10.55964661 1.50438690 1.50438690 10.55964661 10.63796806 15.14201546 7.39484406
7.37618637 15.07398891 10.62602139 10.54048443 1.48279202 1.48279202 10.54048443 10.62602139 15.07398987 7.37618637
7.35776091 15.00761700 10.61425114 10.52118874 1.46153760 1.46153748 10.52118874 10.61425209 15.00761604 7.35776043
7.33954477 14.94290066 10.60264874 10.50176239 1.44063556 1.44063568 10.50176144 10.60264778 14.94290066 7.33954477
7.32149696 14.87982845 10.59118843 10.48219776 1.42007124 1.42007136 10.48219776 10.59118843 14.87982750 7.32149696
7.30351353 14.81849670 10.57982635 10.46245480 1.39976490 1.39976490 10.46245480 10.57982635 14.81849575 7.30351353
7.28538513 14.75916672 10.56849480 10.44247913 1.37946904 1.37946904 10.44247913 10.56849575 14.75916672 7.28538465
7.26716995 14.70238209 10.55728054 10.42235851 1.35912740 1.35912752 10.42235851 10.55728054 14.70238304 7.26716948
7.24923897 14.64821720 10.54634094 10.40224266 1.33940375 1.33940375 10.40224266 10.54634094 14.64821720 7.24923897
7.23165369 14.59624767 10.53569412 10.38221550 1.32042742 1.32042742 10.38221550 10.53569412 14.59624863 7.23165369
7.21438122 14.54599953 10.52528381 10.36232662 1.30201948 1.30201936 10.36232662 10.52528381 14.54599762 7.21438169
7.19739771 14.49718189 10.51506615 10.34259892 1.28403485 1.28403485 10.34259892 10.51506615 14.49718189 7.19739771
7.18076372 14.44962788 10.50502682 10.32305527 1.26645768 1.26645768 10.32305527 10.50502682 14.44962788 7.18076372
7.16456652 14.40319347 10.49516582 10.30371284 1.24932969 1.24932969 10.30371284 10.49516582 14.40319347 7.16456652
7.14885378 14.35769176 10.48547268 10.28457165 1.23265791 1.23265791 10.28457069 10.48547173 14.35769272 7.14885378
7.13362789 14.31292343 10.47591591 10.26561356 1.21639848 1.21639848 10.26561356 10.47591591 14.31292439 7.13362789
7.11886597 14.26873398 10.46646690 10.24680805 1.20049071 1.20049071 10.24680710 10.46646690 14.26873398 7.11886597
7.10453033 14.22503948 10.45709610 10.22811794 1.18488967 1.18488967 10.22811794 10.45709515 14.22503948 7.10452986
7.09057665 14.18183231 10.44778252 10.20950794 1.16957831 1.16957831 10.20950794 10.44778252 14.18183327 7.09057665
7.07696533 14.13914871 10.43851376 10.19094944 1.15456367 1.15456367 10.19094944 10.43851376 14.13914967 7.07696533
7.06366014 14.09704208 10.42928410 10.17242146 1.13986552 1.13986552 10.17242146 10.42928410 14.09704208 7.06366014
7.05063105 14.05556011 10.42008972 10.15390873 1.12550497 1.12550497 10.15390873 10.42008972 14.05556011 7.05063152
7.03785181 14.01473427 10.41092873 10.13540268 1.11149931 1.11149931 10.13540268 10.41092873 14.01473427 7.03785181
7.02529812 13.97458553 10.40180016 10.11689758 1.09786069 1.09786069 10.11689758 10.40180111 13.97458553 7.02529860
7.01295137 13.93511105 10.39270496 10.09838867 1.08459628 1.08459628 10.09838963 10.39270496 13.93511105 7.01295137
7.00079155 13.89630699 10.38364220 10.07987595 1.07170916 1.07170916 10.07987595 10.38364220 13.89630795 7.00079203
6.98880529 13.85816765 10.37460899 10.06135559 1.05919850 1.05919850 10.06135464 10.37460995 13.85816860 6.98880625
6.97697735 13.82067680 10.36560726 10.04282570 1.04706097 1.04706109 10.04282570 10.36560822 13.82067585 6.97697735
6.96529388 13.78382587 10.35663414 10.02428532 1.03528869 1.03528869 10.02428532 10.35663414 13.78382587 6.96529388
6.95374155 13.74761772 10.34768963 10.00573444 1.02386892 1.02386892 10.00573444 10.34768867 13.74761963 6.95374155
6.94230843 13.71206379 10.33876896 9.98717117 1.01278317 1.01278317 9.98717117 10.33876896 13.71206379 6.94230890
6.93098259 13.67718124 10.32987022 9.96859646 1.00200367 1.00200367 9.96859646 10.32986927 13.67718124 6.93098211
6.91975021 13.64299488 10.32099152 9.95000935 0.99149412 0.99149412 9.95000935 10.32099152 13.64299393 6.91974974
6.90860415 13.60953236 10.31213093 9.93140984 0.98121089 0.98121095 9.93140984 10.31213093 13.60953426 6.90860415
6.89754200 13.57681084 10.30329037 9.91279411 0.97111613 0.97111613 9.91279411 10.30329132 13.57681084 6.89754200
6.88656998 13.54482746 10.29447746 9.89415455 0.96119922 0.96119922 9.89415455 10.29447651 13.54482651 6.88656998
6.87569475 13.51356125 10.28569794 9.87548542 0.95148468 0.95148468 9.87548542 10.28569794 13.51356030 6.87569523
6.86492014 13.48297787 10.27695942 9.85679054 0.94201553 0.94201553 9.85679054 10.27696037 13.48297882 6.86492062
6.85424328 13.45301819 10.26826286 9.83807278 0.93282771 0.93282771 9.83807182 10.26826382 13.45301819 6.85424328
6.84365749 13.42361355 10.25960541 9.81934166 0.92393976 0.92393976 9.81934071 10.25960445 13.42361355 6.84365797
6.83315563 13.39470196 10.25098133 9.80059719 0.91535485 0.91535485 9.80059719 10.25098038 13.39470196 6.83315563
6.82273293 13.36624527 10.24238491 9.78184319 0.90706772 0.90706772 9.78184223 10.24238586 13.36624527 6.82273197
6.81238174 13.33821869 10.23381615 9.76307392 0.89906818 0.89906824 9.76307392 10.23381519 13.33821869 6.81238174
6.80209923 13.31060314 10.22526646 9.74429035 0.89134455 0.89134455 9.74429131 10.22526646 13.31060410 6.80209970
6.79188108 13.28339291 10.21673298 9.72549057 0.88388318 0.88388318 9.72549057 10.21673203 13.28339291 6.79188156
6.78172207 13.25657272 10.20821190 9.70666790 0.87667030 0.87667030 9.70666695 10.20821190 13.25657368 6.78172207
6.77161741 13.23013496 10.19969940 9.68782234 0.86969286 0.86969286 9.68782234 10.19969940 13.23013592 6.77161694
6.76156378 13.20407486 10.19119453 9.66895199 0.86293912 0.86293912 9.66895199 10.19119453 13.20407391 6.76156330
6.75155687 13.17837715 10.18269253 9.65005302 0.85639775 0.85639775 9.65005302 10.18269348 13.17837811 6.75155687
6.74159431 13.15303612 10.17419434 9.63112545 0.85005933 0.85005933 9.63112545 10.17419434 13.15303612 6.74159431
6.73167467 13.12803936 10.16569424 9.61216736 0.84391445 0.84391445 9.61216736 10.16569328 13.12803841 6.73167419
6.72179270 13.10337353 10.15719318 9.59317780 0.83795446 0.83795446 9.59317780 10.15719414 13.10337353 6.72179317
6.71194839 13.07902527 10.14868927 9.57415581 0.83217138 0.83217138 9.57415581 10.14868927 13.07902431 6.71194887
6.70213890 13.05497837 10.14018154 9.55509949 0.82655734 0.82655734 9.55509949 10.14018154 13.05497837 6.70213938
6.69236279 13.03121948 10.13166714 9.53600979 0.82110447 0.82110447 9.53600979 10.13166618 13.03121853 6.69236279
6.68261814 13.00772762 10.12314510 9.51688480 0.81580508 0.81580508 9.51688480 10.12314606 13.00772762 6.68261814
6.67290258 12.98448563 10.11461544 9.49772453 0.81065100 0.81065100 9.49772453 10.11461449 12.98448563 6.67290258
6.66321468 12.96147537 10.10607338 9.47852802 0.80563277 0.80563277 9.47852898 10.10607338 12.96147537 6.66321468
6.65355158 12.93868446 10.09751892 9.45929623 0.80073911 0.80073911 9.45929623 10.09751892 12.93868256 6.65355158
6.64390993 12.91611481 10.08894730 9.44002914 0.79595441 0.79595441 9.44002914 10.08894730 12.91611385 6.64390993
6.63428164 12.89378834 10.08035374 9.42072868 0.79125744 0.79125744 9.42072868 10.08035374 12.89379025 6.63428164
6.62465477 12.87174606 10.07173252 9.40139389 0.78662056 0.78662056 9.40139389 10.07173252 12.87174606 6.62465477
6.61501789 12.85002708 10.06308270 9.38203144 0.78202260 0.78202260 9.38203144 10.06308460 12.85002708 6.61501837
6.60536671 12.82867527 10.05440998 9.36264324 0.77746272 0.77746272 9.36264324 10.05440903 12.82867718 6.60536623
6.59569836 12.80769825 10.04571724 9.34323502 0.77295762 0.77295762 9.34323502 10.04571724 12.80769730 6.59569836
6.58601475 12.78705597 10.03701019 9.32381248 0.76851803 0.76851803 9.32381248 10.03701019 12.78705597 6.58601475
6.57631826 12.76671124 10.02828979 9.30438232 0.76414722 0.76414722 9.30438328 10.02829170 12.76670933 6.57631779
6.56661367 12.74663067 10.01956177 9.28495216 0.75984830 0.75984836 9.28495216 10.01956177 12.74663067 6.56661320
6.55690575 12.72679615 10.01082706 9.26552868 0.75562388 0.75562388 9.26552868 10.01082611 12.72679615 6.55690575
6.54719830 12.70718575 10.00208473 9.24611473 0.75147414 0.75147414 9.24611473 10.00208473 12.70718670 6.54719877
6.53749323 12.68778419 9.99333763 9.22671604 0.74739563 0.74739563 9.22671604 9.99333763 12.68778229 6.53749323
6.52779198 12.66857052 9.98458385 9.20733452 0.74338186 0.74338192 9.20733452 9.98458385 12.66857052 6.52779245
6.51809311 12.64952564 9.97582245 9.18797207 0.73942357 0.73942357 9.18797207 9.97582245 12.64952660 6.51809311
6.50839710 12.63062954 9.96705437 9.16863441 0.73550874 0.73550874 9.16863346 9.96705341 12.63063049 6.50839710
6.49870205 12.61185932 9.95827770 9.14932251 0.73162407 0.73162401 9.14932251 9.95827675 12.61185932 6.49870157
6.48900700 12.59319878 9.94949436 9.13004208 0.72775662 0.72775656 9.13004112 9.94949436 12.59319878 6.48900652
6.47931147 12.57463646 9.94070816 9.11079597 0.72389883 0.72389883 9.11079597 9.94070816 12.57463741 6.47931147
6.46961737 12.55617905 9.93192291 9.09158802 0.72005367 0.72005367 9.09158707 9.93192291 12.55617905 6.46961737
6.45992708 12.53785992 9.92314148 9.07241726 0.71623653 0.71623647 9.07241726 9.92314148 12.53785992 6.45992661
6.45024109 12.51971531 9.91436768 9.05328655 0.71246964 0.71246964 9.05328655 9.91436768 12.51971436 6.45024109
6.44055986 12.50178623 9.90560055 9.03419781 0.70877308 0.70877308 9.03419781 9.90560150 12.50178719 6.44055986
6.43088102 12.48409653 9.89683914 9.01515388 0.70515949 0.70515949 9.01515293 9.89683914 12.48409653 6.43088102
6.42120218 12.46665859 9.88808155 8.99615860 0.70163423 0.70163423 8.99615860 9.88808155 12.46665764 6.42120218
6.41152191 12.44946861 9.87932682 8.97721767 0.69819838 0.69819838 8.97721767 9.87932682 12.44946957 6.41152191
6.40183830 12.43252659 9.87057400 8.95833492 0.69485021 0.69485021 8.95833492 9.87057304 12.43252754 6.40183878
6.39215136 12.41582203 9.86182308 8.93951416 0.69158733 0.69158733 8.93951511 9.86182308 12.41582298 6.39215088
6.38246059 12.39934731 9.85307407 8.92075825 0.68840677 0.68840677 8.92075729 9.85307407 12.39934731 6.38246059
6.37276602 12.38309193 9.84432697 8.90206814 0.68530542 0.68530542 8.90206814 9.84432697 12.38309288 6.37276602
6.36306810 12.36705112 9.83558273 8.88344479 0.68228012 0.68228012 8.88344383 9.83558273 12.36705208 6.36306763
6.35336685 12.35121536 9.82684040 8.86488724 0.67932796 0.67932796 8.86488724 9.82684040 12.35121536 6.35336637
6.34366083 12.33557892 9.81809998 8.84639549 0.67644614 0.67644614 8.84639549 9.81809998 12.33557892 6.34366083
6.33395100 12.32013321 9.80936050 8.82796860 0.67363226 0.67363226 8.82796860 9.80936050 12.32013512 6.33395052
6.32423735 12.30487442 9.80062199 8.80960369 0.67088407 0.67088413 8.80960369 9.80062199 12.30487633 6.32423639
6.31451797 12.28979301 9.79188347 8.79130077 0.66819978 0.66819978 8.79130077 9.79188347 12.28979492 6.31451797
6.30479383 12.27488613 9.78314590 8.77305698 0.66557759 0.66557759 8.77305698 9.78314495 12.27488613 6.30479383
6.29506350 12.26014328 9.77440548 8.75487041 0.66301596 0.66301596 8.75487041 9.77440548 12.26014423 6.29506350
6.28532696 12.24555969 9.76566601 8.73674011 0.66051358 0.66051358 8.73674011 9.76566505 12.24555969 6.28532696
6.27558374 12.23113060 9.75692368 8.71866226 0.65806931 0.65806931 8.71866322 9.75692368 12.23112965 6.27558374
6.26583338 12.21684551 9.74817848 8.70063782 0.65568197 0.65568197 8.70063782 9.74817848 12.21684647 6.26583290
6.25607491 12.20270157 9.73943138 8.68266106 0.65335059 0.65335065 8.68266201 9.73943043 12.20270157 6.25607443
6.24630785 12.18869019 9.73067951 8.66473389 0.65107405 0.65107405 8.66473389 9.73067951 12.18869019 6.24630833
6.23653221 12.17480850 9.72192478 8.64685249 0.64885163 0.64885163 8.64685345 9.72192478 12.17480850 6.23653269
6.22674847 12.16104889 9.71316528 8.62901688 0.64668208 0.64668208 8.62901592 9.71316528 12.16104794 6.22674847
6.21695471 12.14740181 9.70439911 8.61122322 0.64456487 0.64456487 8.61122322 9.70440006 12.14740276 6.21695471
6.20715189 12.13386726 9.69563007 8.59347057 0.64249897 0.64249897 8.59347057 9.69563007 12.13386726 6.20715189
6.19733858 12.12043667 9.68685341 8.57575798 0.64048332 0.64048332 8.57575798 9.68685341 12.12043762 6.19733858
6.18751621 12.10710430 9.67807102 8.55808353 0.63851732 0.63851732 8.55808353 9.67807198 12.10710430 6.18751574
6.17768240 12.09386635 9.66928101 8.54044533 0.63660008 0.63660008 8.54044533 9.66928196 12.09386730 6.17768240
6.16783714 12.08071613 9.66048527 8.52284145 0.63473064 0.63473064 8.52284145 9.66048431 12.08071709 6.16783714
6.15798187 12.06765079 9.65167904 8.50527096 0.63290817 0.63290817 8.50527096 9.65167904 12.06765079 6.15798187
6.14811468 12.05466366 9.64286518 8.48773289 0.63113171 0.63113171 8.48773289 9.64286613 12.05466270 6.14811516
6.13823605 12.04174995 9.63404274 8.47022438 0.62940055 0.62940055 8.47022438 9.63404274 12.04175091 6.13823652
6.12834549 12.02890682 9.62520885 8.45274448 0.62771368 0.62771368 8.45274448 9.62520981 12.02890778 6.12834597
6.11844301 12.01612759 9.61636639 8.43529224 0.62607008 0.62607008 8.43529129 9.61636543 12.01612854 6.11844254
6.10852718 12.00341225 9.60751247 8.41786575 0.62446892 0.62446892 8.41786575 9.60751247 12.00341320 6.10852766
6.09859896 11.99075317 9.59864712 8.40046215 0.62290937 0.62290937 8.40046215 9.59864712 11.99075222 6.09859896
6.08865786 11.97814655 9.58976936 8.38308239 0.62139040 0.62139046 8.38308239 9.58976936 11.97814751 6.08865786
6.07870293 11.96559143 9.58087826 8.36572456 0.61991119 0.61991119 8.36572456 9.58087826 11.96559143 6.07870293
6.06873465 11.95308208 9.57197475 8.34838676 0.61847073 0.61847073 8.34838676 9.57197571 11.95308208 6.06873417
6.05875206 11.94061565 9.56305790 8.33106804 0.61706799 0.61706799 8.33106804 9.56305885 11.94061661 6.05875158
6.04875517 11.92819118 9.55412674 8.31376648 0.61570233 0.61570233 8.31376648 9.55412674 11.92819023 6.04875517
6.03874397 11.91580200 9.54517937 8.29648018 0.61437279 0.61437279 8.29648113 9.54518032 11.91580200 6.03874397
6.02871752 11.90344715 9.53621769 8.27921009 0.61307836 0.61307836 8.27921009 9.53621674 11.90344906 6.02871752
6.01867628 11.89112568 9.52723980 8.26195335 0.61181837 0.61181837 8.26195335 9.52723980 11.89112568 6.01867676
6.00862026 11.87883282 9.51824474 8.24470997 0.61059165 0.61059159 8.24470997 9.51824474 11.87883282 6.00862026
5.99854851 11.86656380 9.50923347 8.22747803 0.60939759 0.60939759 8.22747707 9.50923347 11.86656475 5.99854851
5.98846102 11.85432148 9.50020313 8.21025562 0.60823524 0.60823530 8.21025562 9.50020313 11.85432148 5.98846102
5.97835779 11.84210110 9.49115562 8.19304276 0.60710388 0.60710394 8.19304276 9.49115562 11.84210014 5.97835779
5.96823835 11.82989693 9.48209000 8.17583847 0.60600269 0.60600269 8.17583847 9.48208904 11.82989693 5.96823788
5.95810270 11.81771278 9.47300339 8.15864182 0.60493070 0.60493076 8.15864182 9.47300339 11.81771278 5.95810270
5.94795084 11.80554581 9.46389771 8.14145088 0.60388744 0.60388744 8.14145088 9.46389771 11.80554390 5.94795084
5.93778181 11.79339027 9.45477200 8.12426567 0.60287201 0.60287201 8.12426567 9.45477295 11.79338932 5.93778181
5.92759657 11.78124523 9.44562626 8.10708523 0.60188365 0.60188365 8.10708427 9.44562626 11.78124619 5.92759657
5.91739416 11.76911354 9.43645859 8.08990765 0.60092181 0.60092181 8.08990765 9.43645859 11.76911354 5.91739416
5.90717554 11.75698948 9.42727089 8.07273293 0.59998566 0.59998566 8.07273388 9.42727089 11.75698948 5.90717506
5.89693880 11.74487305 9.41805935 8.05556107 0.59907460 0.59907460 8.05556202 9.41805935 11.74487305 5.89693832
5.88668537 11.73275948 9.40882587 8.03839016 0.59818810 0.59818810 8.03839016 9.40882587 11.73275948 5.88668537
5.87641430 11.72065258 9.39956951 8.02121925 0.59732538 0.59732538 8.02122021 9.39957047 11.72065258 5.87641430
5.86612606 11.70854855 9.39029026 8.00404930 0.59648591 0.59648591 8.00404930 9.39029026 11.70854855 5.86612654
5.85582066 11.69644356 9.38098717 7.98687744 0.59566909 0.59566909 7.98687744 9.38098717 11.69644451 5.85582066
5.84549713 11.68434238 9.37165928 7.96970415 0.59487432 0.59487432 7.96970415 9.37165928 11.68434238 5.84549713
5.83515644 11.67223930 9.36230755 7.95252848 0.59410113 0.59410113 7.95252848 9.36230850 11.67223930 5.83515692
5.82479858 11.66013527 9.35293293 7.93534899 0.59334898 0.59334898 7.93534899 9.35293198 11.66013432 5.82479858
5.81442261 11.64802551 9.34353161 7.91816664 0.59261739 0.59261739 7.91816664 9.34353161 11.64802647 5.81442213
5.80402899 11.63591576 9.33410454 7.90097904 0.59190583 0.59190583 7.90097904 9.33410454 11.63591480 5.80402899
5.79361820 11.62379932 9.32465172 7.88378620 0.59121382 0.59121382 7.88378668 9.32465172 11.62379837 5.79361820
5.78318834 11.61167812 9.31517315 7.86658812 0.59054095 0.59054095 7.86658812 9.31517410 11.61167717 5.78318882
5.77274227 11.59955025 9.30566883 7.84938431 0.58988661 0.58988661 7.84938431 9.30566883 11.59955025 5.77274227
5.76227665 11.58741570 9.29613686 7.83217287 0.58925050 0.58925050 7.83217287 9.29613686 11.58741474 5.76227713
5.75179434 11.57527256 9.28657818 7.81495523 0.58863223 0.58863223 7.81495476 9.28657818 11.57527256 5.75179482
5.74129343 11.56312275 9.27699280 7.79772854 0.58803123 0.58803123 7.79772854 9.27699184 11.56312370 5.74129343
5.73077488 11.55096245 9.26737785 7.78049326 0.58744711 0.58744711 7.78049374 9.26737785 11.55096340 5.73077488
5.72023773 11.53879452 9.25773621 7.76324940 0.58687955 0.58687955 7.76324987 9.25773621 11.53879452 5.72023821
5.70968294 11.52661419 9.24806690 7.74599600 0.58632821 0.58632821 7.74599600 9.24806690 11.52661514 5.70968294
5.69910955 11.51442337 9.23836803 7.72873211 0.58579254 0.58579254 7.72873211 9.23836708 11.51442337 5.69910955
5.68851852 11.50222397 9.22863960 7.71145773 0.58527231 0.58527231 7.71145773 9.22863960 11.50222397 5.68851852
5.67790842 11.49001026 9.21888256 7.69417238 0.58476710 0.58476710 7.69417191 9.21888351 11.49001122 5.67790842
5.66728020 11.47778511 9.20909691 7.67687464 0.58427650 0.58427650 7.67687464 9.20909595 11.47778606 5.66728020
5.65663338 11.46554756 9.19927979 7.65956497 0.58380020 0.58380020 7.65956497 9.19928074 11.46554852 5.65663290
5.64596701 11.45329857 9.18943405 7.64224243 0.58333778 0.58333778 7.64224243 9.18943405 11.45329762 5.64596701
5.63528252 11.44103527 9.17955685 7.62490654 0.58288908 0.58288908 7.62490606 9.17955780 11.44103432 5.63528299
5.62457895 11.42875576 9.16965008 7.60755634 0.58245343 0.58245337 7.60755634 9.16965008 11.42875671 5.62457895
5.61385632 11.41646481 9.15971184 7.59019232 0.58203071 0.58203071 7.59019232 9.15971184 11.41646481 5.61385679
5.60311460 11.40415859 9.14974213 7.57281351 0.58162069 0.58162069 7.57281303 9.14974213 11.40415955 5.60311508
5.59235334 11.39183712 9.13974094 7.55541897 0.58122271 0.58122271 7.55541897 9.13974094 11.39183712 5.59235334
5.58157349 11.37949848 9.12970734 7.53800821 0.58083653 0.58083653 7.53800821 9.12970734 11.37949848 5.58157301
5.57077360 11.36714840 9.11964226 7.52058125 0.58046192 0.58046192 7.52058125 9.11964130 11.36714745 5.57077360
5.55995321 11.35477924 9.10954380 7.50313663 0.58009845 0.58009851 7.50313663 9.10954380 11.35478020 5.55995369
5.54911423 11.34239578 9.09941292 7.48567438 0.57974577 0.57974577 7.48567438 9.09941292 11.34239483 5.54911423
