53.23606873 53.23602295
53.23443222 53.23448181
53.23758316 53.23764801
53.24281693 53.24280167
53.24858856 53.24858475
53.25491333 53.25492859
53.26277161 53.26278687
53.27211380 53.27212906
53.28254318 53.28250504
53.29355240 53.29351425
53.30487823 53.30487823
53.31679916 53.31677628
53.32945633 53.32941437
53.34251785 53.34247589
53.35582352 53.35584641
53.36919403 53.36917877
53.38235474 53.38235855
53.39541245 53.39534760
53.40848541 53.40852737
53.42177200 53.42183304
53.43526840 53.43531799
53.44881821 53.44880295
53.46223068 53.46219635
53.47587585 53.47583771
53.48995972 53.48994827
53.50429535 53.50425339
53.51890182 53.51886749
53.53380585 53.53383255
53.54910660 53.54911423
53.56467819 53.56461334
53.58048248 53.58049774
53.59629822 53.59630585
53.61207962 53.61203384
53.62697983 53.62695312
53.64258194 53.64262390
53.65862656 53.65861511
53.67512894 53.67514420
53.69197083 53.69196701
53.70906830 53.70904160
53.72640228 53.72644806
53.74417496 53.74417877
53.76218033 53.76216888
53.78036880 53.78043365
53.79889297 53.79890060
53.81784821 53.81777954
53.83685684 53.83685684
53.85614777 53.85617065
53.87575531 53.87575150
53.89562607 53.89559174
53.91582489 53.91583633
53.93637466 53.93634415
53.95718384 53.95714951
53.97840881 53.97839355
53.99973679 53.99971008
54.02120590 54.02120209
54.04296112 54.04295349
54.06494141 54.06493378
54.08715057 54.08713913
54.10956573 54.10961533
54.13225174 54.13223648
54.15546417 54.15539551
54.17865372 54.17862320
54.20205307 54.20206070
54.22603226 54.22600937
54.25011063 54.25014496
54.27431488 54.27436829
54.29863739 54.29866791
54.32318115 54.32315826
54.34803391 54.34804535
54.37305450 54.37303162
54.39813614 54.39815903
54.42360687 54.42364883
54.44906616 54.44908142
54.47476196 54.47477722
54.50074768 54.50077057
54.52681351 54.52682114
54.55281830 54.55278015
54.57880783 54.57880783
54.60525131 54.60527802
54.63164520 54.63167191
54.65772247 54.65783310
54.68407440 54.68410110
54.71077347 54.71080017
54.73746872 54.73746109
54.76369858 54.76371384
54.79023361 54.79024124
54.81671524 54.81673050
54.84301376 54.84299850
54.86903000 54.86912155
54.89536667 54.89538956
54.92096710 54.92098999
54.94705200 54.94699478
54.97264481 54.97262192
54.99808121 54.99805069
55.02340698 55.02344894
55.04837036 55.04838943
55.07283020 55.07283783
55.09704208 55.09707642
55.12062454 55.12064362
55.14418793 55.14418411
55.16693878 55.16691589
55.18966675 55.18967819
55.21166611 55.21164322
55.23308945 55.23310089
55.25423813 55.25423813
55.27494812 55.27492905
55.29452515 55.29456329
55.31376648 55.31377411
55.33234787 55.33233643
55.35030746 55.35031509
55.36776733 55.36776352
55.38446426 55.38447571
55.40065002 55.40061951
55.41605377 55.41599274
55.43090820 55.43094635
55.44511032 55.44508362
55.45859146 55.45855331
55.47146225 55.47149658
55.48381042 55.48379898
55.49544144 55.49549484
55.50648880 55.50648880
55.51679611 55.51679611
55.52656937 55.52653122
55.53585434 55.53590012
55.54449463 55.54450989
55.55252457 55.55245972
55.56015015 55.56018829
55.56715775 55.56709290
55.57377243 55.57372665
55.57977295 55.57977676
55.58551788 55.58551025
55.59052277 55.59049606
55.59503174 55.59507751
55.59897232 55.59906006
55.60237122 55.60238647
55.60436630 55.60445404
55.60524750 55.60522079
55.60530090 55.60528946
55.60683060 55.60678101
55.60906601 55.60905457
55.61133575 55.61137772
55.61328888 55.61328506
55.61499023 55.61502838
55.61649704 55.61656952
55.61801910 55.61797714
55.61923599 55.61919403
55.62016296 55.62019348
55.62103653 55.62099075
55.62179565 55.62174606
55.62225342 55.62224197
55.62257004 55.62252808
55.62275314 55.62274551
55.62272644 55.62274933
55.62278748 55.62273026
55.62258530 55.62260437
55.62235641 55.62237167
55.62199783 55.62193680
55.62146378 55.62145233
55.62056351 55.62051392
55.61938477 55.61935043
55.61785889 55.61782837
55.61541367 55.61537552
55.61122131 55.61119843
55.60580826 55.60581589
55.60009003 55.60012436
55.59203720 55.59206390
55.58311844 55.58316422
55.57344055 55.57344437
55.56238174 55.56237411
55.55181122 55.55180359
55.54415894 55.54415512
55.53503036 55.53501511
55.52612305 55.52608490
55.52207565 55.52207947
55.51924133 55.51924896
55.51673126 55.51673508
55.51488495 55.51492310
55.51301575 55.51305008
55.51150894 55.51157761
55.50920105 55.50922012
55.50550842 55.50549316
55.50047684 55.50039673
55.49753952 55.49748230
55.49455643 55.49456406
55.49062347 55.49063492
55.48386383 55.48383331
55.47291946 55.47290039
55.46184921 55.46190262
55.45428848 55.45429993
55.44556427 55.44559860
55.43712234 55.43713379
55.42921066 55.42918015
55.42215729 55.42214203
55.41672134 55.41667938
55.40811539 55.40810394
55.39755249 55.39756775
55.39030457 55.39028168
55.38617325 55.38613892
55.38278198 55.38276672
55.37731171 55.37738800
55.36953735 55.36954880
55.36311722 55.36307526
55.36077499 55.36080170
55.35948563 55.35950851
55.35832596 55.35832596
55.35605240 55.35605621
55.35309219 55.35309601
55.34917831 55.34916687
55.34365082 55.34361649
55.34111786 55.34113312
55.34019089 55.34015274
55.33903503 55.33900833
55.33686829 55.33682632
55.33402634 55.33402252
55.32877350 55.32881165
55.32548523 55.32540512
55.32361221 55.32360458
55.32164001 55.32157516
55.31710052 55.31700897
55.30942917 55.30942917
55.30065536 55.30060196
55.28866577 55.28869629
55.28001022 55.27997208
55.27655411 55.27654266
55.27477264 55.27478027
55.27226639 55.27228546
55.26869202 55.26869965
55.26310349 55.26309204
55.25725555 55.25724792
55.25286865 55.25282669
55.24543762 55.24538803
55.23867416 55.23860931
55.23809052 55.23804855
55.23814392 55.23815155
55.23852921 55.23859024
55.23746872 55.23747635
55.23411560 55.23408890
55.22629547 55.22633743
55.22058868 55.22063065
55.21740341 55.21741486
55.21501923 55.21502686
55.21527100 55.21527100
55.21627045 55.21629715
55.21703720 55.21703720
55.21846008 55.21842194
55.21725464 55.21724319
55.21024704 55.21027374
55.20240402 55.20241928
55.19819260 55.19816589
55.19407654 55.19404602
55.18963623 55.18964005
55.18336868 55.18338013
55.18026733 55.18024826
55.18047333 55.18044281
55.18036270 55.18035889
55.17956161 55.17952347
55.17601395 55.17598343
55.17026901 55.17024612
55.16860580 55.16860580
55.16646957 55.16651535
55.16293335 55.16295242
55.15811539 55.15812302
55.15409088 55.15407944
55.14789200 55.14796066
55.13912964 55.13920212
55.13673019 55.13676453
55.13313675 55.13308716
55.13417053 55.13417053
55.13745117 55.13741302
55.14001083 55.14001083
55.14336777 55.14345169
55.14492035 55.14493179
55.14440918 55.14440155
55.13322067 55.13317871
55.12374496 55.12371063
55.12093353 55.12094116
55.11869431 55.11867142
55.11990738 55.11990356
55.12417603 55.12415695
55.12919235 55.12912369
55.13384628 55.13378906
55.13907242 55.13905716
55.14461136 55.14462662
55.14995575 55.14997482
55.15651321 55.15647507
55.16163635 55.16161346
55.16738129 55.16735840
55.16923904 55.16923904
55.17188263 55.17186737
55.17799377 55.17798615
55.18364334 55.18358612
55.18938065 55.18938828
55.19554520 55.19557571
55.20218658 55.20221710
55.20846558 55.20844650
55.21473694 55.21476746
55.22124481 55.22117996
55.22779083 55.22779083
55.23326492 55.23315811
55.23666763 55.23667526
55.23880005 55.23876190
55.24447250 55.24443054
55.25094223 55.25099564
55.25588226 55.25585175
55.26125717 55.26131058
55.26580811 55.26578140
55.26812363 55.26808929
55.27391434 55.27390289
55.28036118 55.28044128
55.28695297 55.28695679
55.29379272 55.29378510
55.30003738 55.29999161
55.30625153 55.30627060
55.31317520 55.31320190
55.32003784 55.32004547
55.32709122 55.32713699
55.33393097 55.33396149
55.34002304 55.34001923
55.34347916 55.34346008
55.34559631 55.34560013
55.35204697 55.35205460
55.35810471 55.35810852
55.36417389 55.36419296
55.37110519 55.37112808
55.37777710 55.37780380
55.38356400 55.38360214
55.38796997 55.38793564
55.38649368 55.38652039
55.38638687 55.38634491
55.38885498 55.38879395
55.39162445 55.39157867
55.39662933 55.39653015
55.40296173 55.40290833
55.40967178 55.40958023
55.41616821 55.41610718
55.42246246 55.42243958
55.42913818 55.42916870
55.43555832 55.43548203
55.44315720 55.44314194
55.45013809 55.45008850
55.45674515 55.45674515
55.46314240 55.46314240
55.47017670 55.47023773
55.47743225 55.47744751
55.48390579 55.48395157
55.49147797 55.49146271
55.49928284 55.49928284
55.50592422 55.50593185
55.51286697 55.51287079
55.51990891 55.51988983
55.52634430 55.52637482
55.53133774 55.53139114
55.53202057 55.53197098
55.53759766 55.53762817
55.54452515 55.54451752
55.55085754 55.55088043
55.55884552 55.55892181
55.56586838 55.56586838
55.57299423 55.57295609
55.58021545 55.58020782
55.58695602 55.58689880
55.59237289 55.59237289
55.59365082 55.59362411
55.60019684 55.60011673
55.60680389 55.60683823
55.61458206 55.61462021
55.62120056 55.62120056
55.62895203 55.62897110
55.63636398 55.63637161
55.64396286 55.64391708
55.65040588 55.65039062
55.65851593 55.65858841
55.66648865 55.66647720
55.67307281 55.67308807
55.68112564 55.68115616
55.68802261 55.68804550
55.69511414 55.69511414
55.70121384 55.70120239
55.70317459 55.70321655
55.70822525 55.70827103
55.71492386 55.71489334
55.72225952 55.72228622
55.72982025 55.72980881
55.73737335 55.73734665
55.74475479 55.74475861
55.75198364 55.75200653
55.75836182 55.75842667
55.76098633 55.76103973
55.76616287 55.76613235
55.77040863 55.77044296
55.77123260 55.77124023
55.77582550 55.77577591
55.77755737 55.77754974
55.77935791 55.77935028
55.78273773 55.78271484
55.78527832 55.78526306
55.79076767 55.79069901
55.79541397 55.79545593
55.80258560 55.80256271
55.80906677 55.80904007
55.81430817 55.81426620
55.81714249 55.81713104
55.82082367 55.82081604
55.82714462 55.82708740
55.83381653 55.83378220
55.84066391 55.84064484
55.84684372 55.84677887
55.85216904 55.85214996
55.85379410 55.85374832
55.86034775 55.86038589
55.86680222 55.86676788
55.87432480 55.87430954
55.88118362 55.88117599
55.88911057 55.88909149
55.89680862 55.89680099
55.90456390 55.90459442
55.91228867 55.91226578
55.91971207 55.91969299
55.92786789 55.92791748
55.93549347 55.93552399
55.94350433 55.94354630
55.95115662 55.95112610
55.95910645 55.95909500
55.96738052 55.96735764
55.97579956 55.97580338
55.98323822 55.98319626
55.99145508 55.99146652
55.99937057 55.99937439
56.00783920 56.00777054
56.01549149 56.01551437
56.02393341 56.02390289
56.03098297 56.03099823
56.03974533 56.03977585
56.04800415 56.04800415
56.05704880 56.05710602
56.06465530 56.06465912
56.07305908 56.07302475
56.08118439 56.08122635
56.08974457 56.08972549
56.09775543 56.09772873
56.10546494 56.10546494
56.11424637 56.11427689
56.12254333 56.12248993
56.13080978 56.13083649
56.13898849 56.13901520
56.14719772 56.14726639
56.15537262 56.15544128
56.16396713 56.16394424
56.17221451 56.17222595
56.18100357 56.18107224
56.18951797 56.18951035
56.19713211 56.19718170
56.20647812 56.20658112
56.21449280 56.21455383
56.22354507 56.22356033
56.23194885 56.23198318
56.23986053 56.23991013
56.24847031 56.24848557
56.25708771 56.25712967
56.26599121 56.26599884
56.27434921 56.27432251
56.28263092 56.28261185
56.29121399 56.29125977
56.30028915 56.30025864
56.30839920 56.30841827
56.31764984 56.31764603
56.32563019 56.32560349
56.33479691 56.33479309
56.34255981 56.34255600
56.35019302 56.35017014
56.36055756 56.36056137
56.36855698 56.36857986
56.37696838 56.37697220
56.38555145 56.38562012
56.39398956 56.39401627
56.40253067 56.40255737
56.41075516 56.41073227
56.41952896 56.41966248
56.42818069 56.42823792
56.43653870 56.43652725
56.44532394 56.44530487
56.45325089 56.45320511
56.46179581 56.46180725
56.47075653 56.47079849
56.47879410 56.47886276
56.48732376 56.48735046
56.49567795 56.49565125
56.50419617 56.50419235
56.51294327 56.51290894
56.52117538 56.52120209
56.52944565 56.52939987
56.53762817 56.53768539
56.54653549 56.54653931
56.55431747 56.55426788
56.56290436 56.56289673
56.57137299 56.57128906
56.57975769 56.57968521
56.58800888 56.58789444
56.59667206 56.59663010
56.60523605 56.60528564
