48.33590698 48.33595657
48.42885590 48.42888641
48.52972412 48.52973938
48.60832596 48.60834122
48.68486404 48.68484497
48.75320435 48.75317001
48.81333923 48.81335068
48.86695862 48.86692810
48.91572952 48.91571808
48.96141434 48.96143723
49.00325775 49.00329971
49.04145050 49.04146957
49.07847214 49.07845688
49.11381149 49.11378098
49.14656830 49.14654160
49.17803574 49.17804337
49.20972061 49.20973969
49.23976135 49.23977280
49.27098846 49.27100372
49.30198669 49.30198669
49.33219528 49.33212662
49.36389923 49.36390686
49.39598846 49.39606476
49.42765045 49.42764282
49.45951843 49.45951843
49.49242020 49.49243164
49.52560043 49.52559662
49.56031418 49.56030655
49.59510803 49.59512329
49.63097000 49.63093185
49.66798782 49.66801834
49.70676804 49.70679092
49.74693680 49.74691010
49.78497696 49.78498840
49.82584000 49.82585907
49.86970139 49.86968994
49.91313934 49.91314316
49.95701218 49.95698166
50.00268173 50.00263596
50.04985428 50.04986954
50.09692764 50.09696198
50.14414597 50.14414597
50.19452286 50.19447708
50.24524307 50.24520493
50.29582977 50.29576492
50.34753418 50.34756470
50.39881897 50.39881516
50.45112228 50.45111084
50.50388718 50.50390625
50.55768967 50.55765533
50.61275864 50.61274338
50.66585922 50.66583633
50.71819687 50.71820450
50.77330399 50.77323914
50.82861328 50.82863998
50.88211060 50.88211060
50.93407822 50.93406677
50.98444748 50.98445511
51.03406143 51.03406143
51.08658981 51.08657074
51.14352417 51.14358139
51.19717026 51.19719696
51.24956512 51.24959564
51.29941559 51.29943085
51.34998322 51.34997559
51.39640808 51.39641953
51.44240952 51.44244385
51.48622894 51.48627472
51.53052139 51.53048706
51.57128525 51.57126617
51.61128235 51.61127853
51.64666367 51.64673233
51.68201447 51.68205261
51.71678543 51.71675491
51.75026703 51.75023270
51.78094482 51.78092575
51.81220627 51.81216431
51.83994675 51.83995819
51.86632919 51.86626434
51.89137268 51.89142227
51.91437912 51.91442871
51.93645477 51.93648529
51.95587921 51.95586395
51.97426605 51.97428894
51.99180603 51.99186325
52.00799942 52.00802612
52.02380753 52.02376938
52.03873062 52.03870392
52.05191803 52.05195618
52.06492996 52.06493759
52.07635117 52.07641220
52.08800507 52.08798599
52.09806061 52.09806061
52.10845566 52.10839462
52.11811066 52.11814117
52.12751389 52.12759781
52.13747406 52.13750839
52.14504242 52.14503479
52.15475845 52.15481949
52.16258240 52.16256332
52.17202377 52.17205811
52.18051147 52.18053055
52.18822861 52.18822861
52.19633484 52.19634628
52.20524979 52.20528412
52.21339798 52.21340561
52.22130585 52.22130966
52.22998047 52.22998047
52.23865128 52.23864746
52.24530029 52.24531174
52.25580597 52.25584793
52.26712799 52.26712799
52.27784729 52.27787399
52.28765488 52.28764343
52.29757309 52.29754639
52.30853653 52.30847549
52.32041168 52.32043839
52.33122635 52.33127213
52.34362030 52.34362411
52.35534286 52.35531998
52.36718369 52.36723709
52.38022995 52.38026428
52.39122772 52.39120865
52.40196991 52.40193939
52.41119766 52.41123581
52.42607880 52.42612076
52.44066238 52.44066620
52.45609283 52.45614243
52.47106171 52.47113800
52.48658752 52.48661423
52.50442505 52.50441742
52.52612305 52.52606583
52.54944229 52.54938507
52.57004166 52.57003784
52.59326935 52.59327316
52.61752701 52.61753082
52.64083099 52.64081192
52.66382217 52.66382599
52.68682480 52.68685532
52.70961761 52.70960236
52.73672867 52.73674393
52.76350403 52.76350021
52.79097748 52.79100800
52.81792068 52.81793976
52.84606552 52.84608841
52.87382889 52.87385178
52.90168762 52.90168762
52.92954254 52.92959976
52.95768356 52.95766068
52.98598480 52.98602295
53.01358414 53.01358414
53.04231644 53.04232025
53.07220840 53.07226181
53.10106659 53.10109711
53.13161087 53.13167191
53.16214752 53.16222000
53.19235229 53.19240952
53.22378159 53.22382736
53.25511551 53.25517654
53.28602982 53.28604507
53.31678009 53.31675339
53.34754562 53.34756088
53.37826538 53.37827301
53.40816879 53.40819550
53.43796539 53.43795395
53.46942520 53.46939850
53.49975967 53.49974060
53.52919388 53.52917099
53.55885696 53.55881119
53.59206772 53.59203720
53.62400818 53.62399292
53.65616989 53.65613937
53.68928528 53.68923569
53.72150803 53.72147369
53.75386047 53.75384521
53.78590775 53.78588867
53.81922913 53.81921005
53.85021210 53.85021973
53.88180542 53.88180161
53.91329575 53.91332626
53.94442749 53.94449234
53.97620773 53.97624969
54.00698090 54.00703430
54.03935242 54.03938293
54.07070923 54.07074356
54.10304642 54.10307693
54.13563538 54.13566971
54.16677475 54.16680145
54.19860840 54.19859695
54.23059464 54.23059845
54.26141739 54.26142883
54.28977966 54.28977585
54.31908798 54.31906891
54.35326385 54.35329056
54.38611221 54.38613510
54.41802979 54.41801071
54.45191956 54.45190811
54.48352051 54.48353577
54.51785278 54.51786804
54.55012512 54.55011368
54.58290100 54.58291245
54.61557388 54.61563492
54.64815903 54.64821625
54.68106842 54.68109894
54.71303177 54.71309662
54.74357224 54.74362183
54.77517700 54.77523041
54.80597305 54.80603790
54.83760071 54.83764267
54.86943054 54.86943436
54.90195084 54.90198898
54.93175507 54.93178177
54.96315765 54.96318054
54.99315643 54.99314880
55.02113724 55.02116013
55.04977417 55.04978943
55.08008575 55.08007050
55.11031342 55.11034012
55.14051056 55.14051819
55.16757202 55.16756058
55.19744873 55.19746399
55.22623825 55.22625732
55.25358582 55.25363159
55.28182983 55.28186417
55.30916214 55.30920410
55.33724213 55.33725357
55.36585999 55.36588287
55.39379883 55.39382172
55.42344666 55.42350006
55.45092773 55.45095062
55.47721863 55.47721481
55.50408936 55.50412750
55.53178024 55.53181839
55.55893707 55.55894852
55.58436203 55.58438110
55.61215591 55.61215210
55.63883591 55.63883972
55.66444016 55.66439819
55.69014740 55.69015121
55.71734619 55.71735382
55.74385834 55.74385452
55.76807022 55.76806259
55.79296494 55.79292297
55.81966400 55.81964874
55.84291840 55.84292221
55.86713791 55.86712265
55.89471817 55.89470291
55.91986465 55.91984177
55.94407654 55.94404984
55.97008133 55.97006989
55.99167252 55.99166489
56.01595688 56.01594162
56.04057312 56.04057693
56.06402969 56.06403351
56.08848190 56.08843994
56.11148453 56.11148453
56.13449478 56.13451385
56.15765381 56.15766144
56.17981339 56.17980957
56.20084381 56.20086670
56.22533798 56.22533798
56.24731827 56.24734497
56.27132034 56.27132797
56.29078293 56.29078674
56.31313324 56.31315613
56.33505249 56.33505249
56.35728073 56.35728455
56.37866211 56.37865829
56.40005112 56.40005875
56.42113876 56.42116165
56.44159698 56.44160843
56.46088791 56.46093369
56.48144531 56.48146057
56.50172424 56.50171661
56.52158737 56.52160645
56.54154205 56.54153061
56.56290054 56.56294632
56.58398056 56.58398819
56.60371780 56.60378265
56.62310791 56.62313843
56.64431000 56.64433670
56.66257858 56.66258240
56.68251801 56.68255234
56.70164871 56.70170593
56.72151184 56.72150040
56.74268341 56.74270630
56.76244736 56.76247787
56.78112793 56.78115463
56.80046463 56.80046463
56.81894684 56.81896973
56.83728409 56.83732224
56.85776901 56.85778046
56.87715912 56.87719345
56.89630508 56.89633179
56.91561890 56.91559601
56.93423843 56.93424606
56.95384598 56.95387650
56.97420883 56.97418213
56.99282455 56.99281693
57.01125336 57.01127625
57.02931213 57.02930832
57.04514694 57.04515076
57.06470871 57.06468582
57.08116531 57.08120346
57.09775925 57.09777832
57.11691284 57.11695099
57.13592529 57.13592529
57.15236664 57.15239334
57.16844940 57.16850662
57.18373108 57.18375397
57.20153809 57.20156097
57.22042465 57.22042847
57.23653030 57.23656464
57.25103378 57.25107193
57.26741028 57.26743317
57.28439713 57.28444290
57.30195999 57.30199051
57.31916046 57.31920624
57.33423615 57.33427048
57.34923935 57.34930038
57.36379623 57.36383438
57.38238525 57.38245010
57.39786148 57.39792252
57.41411209 57.41416931
57.43251801 57.43260574
57.44959259 57.44965744
57.46755219 57.46759415
57.48320770 57.48326874
57.49938583 57.49941254
57.51165390 57.51169968
57.52799606 57.52803802
57.54303741 57.54306793
57.55648422 57.55652237
57.57225800 57.57226944
57.58782196 57.58787537
57.60402298 57.60406113
57.61757278 57.61760330
57.63137436 57.63138580
57.64678955 57.64682388
57.66283035 57.66284561
57.67721176 57.67721939
57.69165421 57.69166183
57.70539856 57.70542145
57.72124863 57.72126770
57.73603439 57.73605728
57.75004196 57.75008774
57.76415253 57.76419449
57.77837753 57.77843094
57.79261780 57.79262161
57.80910110 57.80913925
57.82219696 57.82221222
57.83698273 57.83701324
57.85034561 57.85038757
57.86490631 57.86491394
57.87826538 57.87827682
57.89192581 57.89196777
57.90729904 57.90735626
57.92227554 57.92230988
57.93743134 57.93746185
57.95107269 57.95109177
57.96484756 57.96484756
57.97909164 57.97911072
57.99483871 57.99486923
58.00847244 58.00846481
58.02335358 58.02341080
58.03639984 58.03643036
58.04948044 58.04952621
58.06243515 58.06247711
58.07595825 58.07596970
58.09149551 58.09152985
58.10286713 58.10290527
58.11618423 58.11620331
58.12871170 58.12877655
58.14186859 58.14188766
58.15235901 58.15238190
58.16521072 58.16524124
58.17894745 58.17901230
58.19298935 58.19303894
58.20599365 58.20599365
58.21858215 58.21862030
58.22978210 58.22985458
58.24092484 58.24095917
58.25463104 58.25467682
58.26813126 58.26819611
58.27901840 58.27903748
58.29425430 58.29427719
58.30555725 58.30558014
58.31768799 58.31773376
58.32735825 58.32740402
58.34161377 58.34164810
58.35494995 58.35497665
58.36861038 58.36865616
58.38013458 58.38016129
58.39077377 58.39082336
58.40425110 58.40431595
58.41476440 58.41481781
58.42871094 58.42873383
58.44067764 58.44074249
58.45201111 58.45207977
58.46557236 58.46562195
58.47771072 58.47776413
58.48913956 58.48919296
58.50116348 58.50120926
58.51204681 58.51210022
58.52490997 58.52495956
58.53606415 58.53611374
58.54811859 58.54816818
58.56081772 58.56087494
58.57461166 58.57466888
58.58476639 58.58477783
58.59621811 58.59627533
58.60573196 58.60574341
58.61856461 58.61859131
58.63064575 58.63067245
58.64218140 58.64222336
58.65424728 58.65425110
58.66418457 58.66419983
58.67561340 58.67563629
58.68785477 58.68788910
58.70074844 58.70082474
58.71047211 58.71053314
58.72205353 58.72210693
58.73249054 58.73250198
58.74310684 58.74313736
58.75246048 58.75251770
58.76668930 58.76671219
58.77790833 58.77793503
58.78849411 58.78853989
58.79976654 58.79981995
58.81065369 58.81068039
58.82188416 58.82192993
58.83114624 58.83118057
58.84294891 58.84297562
58.85606384 58.85610199
58.86450958 58.86455536
58.87582779 58.87586975
58.88676071 58.88680649
58.89656830 58.89659882
58.90776825 58.90781403
58.91908264 58.91912460
58.93220139 58.93222427
58.94509506 58.94511795
58.95587158 58.95592117
58.96845245 58.96852493
58.97818756 58.97822952
58.98780441 58.98785019
58.99882126 58.99887085
59.01067734 59.01073456
59.02084732 59.02087402
59.03296280 59.03299713
59.04372406 59.04375839
59.05283737 59.05289841
59.06398392 59.06404114
59.07600784 59.07605743
59.08847046 59.08848572
59.09724426 59.09728622
59.10750198 59.10752487
59.11753845 59.11759186
59.12780762 59.12784195
59.13654327 59.13661194
59.14754105 59.14756775
59.15875626 59.15877914
59.16923523 59.16927338
59.17935944 59.17937851
59.19036484 59.19041061
59.20194244 59.20198822
59.21283340 59.21289062
59.22387695 59.22392654
59.23494720 59.23497391
59.24422836 59.24426651
59.25667191 59.25673294
59.26767731 59.26772690
59.27728271 59.27731323
59.28791428 59.28796768
59.29741669 59.29746246
59.30802155 59.30804443
59.31850815 59.31857681
59.32884979 59.32888794
59.33821106 59.33829880
59.34826660 59.34832382
59.35970688 59.35977173
59.37246323 59.37253571
59.38185120 59.38188553
59.39208984 59.39209747
59.40193176 59.40196228
59.41132355 59.41137314
59.42367935 59.42369843
59.43334198 59.43338776
59.44403076 59.44407272
59.45431900 59.45436478
59.46572876 59.46578217
59.47711182 59.47714233
59.48653793 59.48654175
59.49469376 59.49472427
59.50445938 59.50449371
59.51572418 59.51571655
59.52384949 59.52383041
59.53353882 59.53353119
59.54452896 59.54451370
59.55525970 59.55524826
59.56498337 59.56499481
59.57689667 59.57688522
59.58743668 59.58745956
59.59613800 59.59618378
59.60584641 59.60585022
59.61711884 59.61715317
59.62656021 59.62659836
59.63508606 59.63510895
59.64486694 59.64492035
59.65391159 59.65393829
59.66373444 59.66378021
59.67414856 59.67418289
59.68453979 59.68458557
59.69472885 59.69475555
59.70521545 59.70521927
59.71540070 59.71541595
59.72381210 59.72387314
59.73445892 59.73449326
59.74418640 59.74421692
59.75148010 59.75153732
59.76253891 59.76258469
59.77085876 59.77093506
59.78095627 59.78097153
59.79156876 59.79162598
59.79983139 59.79990387
59.80720520 59.80725861
59.81799316 59.81802368
59.82901382 59.82906342
59.83734894 59.83740234
59.84714890 59.84720993
59.85682297 59.85683441
59.86624908 59.86629486
59.87559891 59.87565231
59.88551331 59.88554764
59.89303589 59.89310837
59.90340424 59.90347672
59.91280746 59.91285324
59.92280579 59.92284775
59.93294907 59.93295670
59.93988037 59.93992615
59.95017242 59.95019150
59.96030045 59.96034241
59.96819305 59.96825790
59.97835541 59.97840118
59.98640442 59.98646927
59.99499130 59.99502182
60.00257111 60.00258636
60.01180267 60.01184464
60.02330399 60.02334595
60.03390503 60.03396225
60.04442215 60.04446411
60.05189133 60.05192184
60.06241226 60.06246567
60.07216644 60.07220459
60.08147430 60.08150864
60.09054947 60.09058380
60.10008621 60.10010910
60.11073303 60.11073303
60.11855698 60.11858368
60.12812805 60.12816620
60.13754654 60.13757706
60.14656830 60.14660263
60.15781403 60.15785217
60.16345596 60.16347504
60.17459869 60.17460632
60.18254852 60.18256760
60.19218063 60.19222260
60.20165253 60.20169830
60.20546722 60.20552444
60.21612167 60.21615601
60.22727203 60.22732162
60.23384476 60.23391342
60.24156570 60.24159622
60.24930954 60.24934769
60.25832367 60.25838089
60.26637268 60.26643372
60.27166748 60.27169800
60.28083801 60.28086472
60.29196167 60.29200745
60.29995728 60.29999924
60.30924988 60.30932236
60.31642914 60.31649780
60.32729721 60.32728195
60.33515930 60.33516693
60.34607315 60.34609604
60.35242081 60.35248184
60.36114120 60.36112595
60.36911392 60.36916351
60.37532806 60.37537384
60.38533401 60.38537216
60.39379883 60.39384079
60.40351105 60.40354538
60.41152573 60.41154861
60.41869736 60.41873169
60.42811584 60.42815018
60.43440628 60.43443298
60.44471741 60.44477081
60.45230484 60.45234680
60.45849609 60.45850754
60.47073746 60.47077560
60.47634506 60.47636414
60.48568726 60.48572159
60.49424744 60.49430847
60.50371933 60.50374222
60.51274872 60.51277542
60.52125931 60.52127457
60.52935410 60.52933884
60.53665924 60.53671646
60.54442978 60.54443741
60.55360794 60.55363083
60.55944061 60.55947876
60.56905365 60.56907272
60.57733536 60.57736969
60.58440018 60.58443451
60.59563828 60.59566116
60.60489273 60.60492325
60.61235809 60.61238480
60.62334061 60.62337112
60.63304138 60.63305664
60.64232635 60.64235687
60.64901733 60.64904022
60.65860367 60.65861893
60.66731262 60.66734695
60.67449570 60.67453003
60.68196869 60.68202209
60.68986893 60.68991089
60.69964218 60.69966888
60.70953751 60.70954895
60.71679688 60.71680832
60.72600174 60.72606277
60.73516846 60.73518753
60.74193954 60.74198914
60.75096130 60.75096512
60.76053619 60.76053238
60.76686096 60.76686096
60.77720261 60.77723312
60.78355789 60.78356552
60.79333878 60.79332352
60.80204391 60.80204010
60.81069946 60.81072998
60.81714249 60.81716537
60.82488251 60.82489777
60.83541489 60.83544922
60.84392929 60.84394073
60.85430908 60.85433197
60.86110306 60.86111832
60.86876297 60.86876297
60.87714386 60.87715149
60.88782120 60.88784409
60.89555359 60.89556122
60.90559387 60.90559006
60.91287231 60.91285324
60.92110443 60.92114639
60.93232727 60.93233871
60.93996811 60.93996048
60.94813919 60.94813538
60.95622635 60.95626450
60.96599579 60.96600342
60.97649765 60.97649765
60.98138428 60.98139191
60.98849487 60.98846436
60.99749374 60.99750519
61.00565720 61.00564575
61.01604462 61.01607132
61.02511978 61.02515411
61.03315353 61.03317261
61.04217911 61.04218292
61.04985809 61.04988480
61.06083298 61.06085968
61.06695938 61.06701279
61.07483292 61.07485580
61.08295441 61.08296204
61.09479141 61.09486008
61.10329819 61.10332489
61.11286926 61.11288452
61.12038422 61.12039566
61.12915039 61.12914658
61.13581848 61.13582230
61.14402390 61.14401627
61.15399170 61.15398026
61.16326904 61.16325760
61.17312622 61.17311478
61.17914200 61.17910004
61.18683624 61.18680954
61.19697952 61.19696426
61.20330811 61.20332718
61.21216583 61.21215057
61.21989441 61.21988678
61.23000336 61.23001099
61.23767471 61.23767853
61.24507523 61.24505234
61.25220108 61.25221252
61.25948715 61.25946426
61.26706314 61.26705933
61.27416611 61.27417755
61.28329086 61.28329086
61.29208374 61.29208374
61.29914093 61.29911804
61.30766296 61.30763245
61.31775665 61.31773758
61.32461929 61.32460403
61.33279419 61.33280945
61.34077454 61.34076691
61.34730911 61.34731293
61.35373306 61.35377121
61.36182022 61.36181259
61.36830139 61.36833191
61.37660599 61.37661362
61.38714218 61.38715363
61.39252853 61.39254761
61.39842987 61.39841843
61.40988922 61.40990829
61.41760254 61.41760635
61.42367935 61.42366791
61.43299484 61.43300247
61.44142914 61.44141769
61.44987488 61.44987106
61.45482635 61.45481491
61.46228027 61.46226501
61.47260666 61.47259521
61.47790909 61.47785950
61.48814011 61.48814774
61.49593353 61.49590302
61.50348282 61.50344467
61.51173782 61.51174927
61.51862717 61.51861191
61.52765274 61.52761841
61.53527069 61.53523254
61.54260254 61.54260254
61.54901886 61.54899979
61.55987549 61.55988312
61.56904984 61.56903076
61.57779694 61.57779312
61.58533478 61.58532333
61.59397507 61.59397125
61.60108185 61.60110855
61.60890961 61.60889816
61.61727905 61.61724472
61.62602234 61.62599945
61.63324738 61.63325119
61.64259720 61.64260483
61.65392685 61.65394974
61.66045761 61.66048431
61.66805267 61.66807556
61.67645645 61.67646408
61.68434906 61.68436813
61.69050217 61.69052505
61.70080948 61.70079041
61.70758820 61.70756149
61.71613312 61.71609879
61.72473907 61.72475052
61.73472214 61.73474503
61.74444199 61.74444580
61.75096130 61.75097656
61.76078796 61.76077652
61.76998138 61.76998520
61.77802658 61.77804184
61.78863144 61.78864288
61.79569244 61.79573059
61.80355072 61.80355072
61.81117249 61.81115723
61.82019806 61.82022476
61.82926559 61.82925415
61.83922958 61.83923340
61.84636307 61.84634781
61.85665512 61.85664368
61.86767960 61.86766434
61.87462997 61.87463379
61.87983322 61.87983322
61.88988876 61.88986969
61.89873886 61.89873505
61.90928650 61.90926361
61.91757202 61.91755676
61.92686462 61.92684555
61.93338013 61.93334961
61.93882370 61.93883514
61.94891357 61.94886780
61.95762253 61.95762634
61.96718597 61.96718979
61.97486877 61.97489166
61.98290253 61.98292923
61.99045944 61.99043655
62.00202179 62.00199509
62.00828552 62.00827789
62.01730347 62.01728821
62.03060913 62.03059006
62.03813934 62.03813171
62.04249191 62.04249573
62.05234909 62.05231857
62.05783463 62.05778885
62.06937027 62.06935883
62.07788849 62.07787704
62.08684158 62.08684540
62.09273911 62.09274292
62.10113907 62.10112762
62.11147308 62.11141968
62.11941528 62.11939240
62.12765121 62.12758636
62.13358688 62.13357162
62.14405823 62.14400864
62.15316391 62.15308380
62.15957260 62.15954971
62.16732407 62.16725540
62.17595673 62.17591858
62.18265915 62.18263245
62.19016266 62.19013214
62.19863892 62.19857025
62.20902252 62.20899963
62.21627045 62.21625900
62.22374344 62.22375488
62.23296738 62.23295593
62.23963547 62.23959351
62.24863052 62.24862671
62.25803375 62.25802612
62.26481628 62.26477432
62.27342224 62.27340317
62.28197098 62.28195953
62.28946304 62.28946304
62.29937363 62.29936218
62.30707550 62.30704498
62.31557083 62.31555939
62.32126617 62.32129288
62.33149719 62.33151627
62.33988953 62.33989334
62.34866333 62.34866333
62.35734940 62.35738373
62.36602020 62.36604309
62.37182999 62.37183762
62.38304901 62.38304138
62.38941956 62.38939285
62.39885330 62.39882660
62.40579605 62.40577698
62.41720200 62.41720200
62.41945648 62.41944504
62.43156433 62.43154526
62.43777084 62.43777847
62.44700623 62.44703293
62.45701599 62.45703888
62.46250534 62.46253204
62.47169876 62.47167969
62.47983551 62.47984314
62.48922348 62.48920059
62.49892807 62.49894714
62.50642395 62.50642014
62.51517487 62.51512909
62.52328873 62.52327728
62.53195572 62.53196335
62.54015732 62.54012299
62.54837418 62.54837418
62.55691528 62.55691910
62.56455612 62.56451035
62.57046127 62.57048035
62.57888412 62.57889175
62.58684158 62.58683395
62.59458160 62.59459686
62.60486984 62.60486221
62.61145020 62.61145401
62.62047958 62.62050629
62.62835312 62.62835693
62.63769913 62.63769150
62.64434052 62.64434814
62.65342712 62.65341568
62.66230774 62.66232681
62.66806030 62.66806793
62.67556763 62.67559052
62.68458176 62.68455124
62.69364166 62.69363785
62.70009232 62.70006943
62.70955276 62.70953751
62.71775055 62.71774673
62.72477722 62.72480392
62.73144531 62.73141479
62.74044418 62.74039078
62.74822998 62.74823380
62.75686264 62.75684738
62.76375198 62.76372528
62.77253342 62.77251816
62.77750015 62.77751541
62.78640366 62.78638077
62.79481888 62.79483032
62.80377197 62.80376053
62.81225586 62.81228256
62.81892776 62.81891632
62.82756042 62.82755661
62.83534622 62.83533096
62.84187698 62.84187698
62.84598160 62.84595490
62.85671997 62.85670471
62.86365891 62.86363220
62.87334061 62.87332916
62.87959671 62.87958908
62.88624191 62.88623428
62.89495468 62.89491653
62.90185928 62.90182495
62.90996933 62.90998459
62.91679001 62.91678619
62.92387009 62.92386627
62.93164062 62.93166733
62.94046783 62.94048309
62.94890213 62.94890213
62.95441437 62.95442581
62.96412277 62.96413803
62.97197342 62.97193527
62.98122025 62.98122787
62.98917770 62.98918152
62.99420166 62.99416351
63.00139618 63.00137329
63.00898361 63.00900650
63.01690674 63.01693726
63.02462769 63.02460098
63.02961349 63.02962112
63.03873062 63.03869629
63.04763412 63.04765701
63.05269241 63.05272675
63.06416321 63.06417465
63.06934357 63.06936264
63.07790756 63.07791519
63.08461380 63.08458710
63.09233093 63.09239197
63.09962463 63.09962463
63.10720062 63.10720825
63.11463547 63.11463547
63.12471008 63.12472153
63.13191605 63.13192368
63.13903046 63.13903046
63.14575958 63.14574432
63.15191650 63.15192032
63.15963745 63.15965652
63.16789246 63.16788864
63.17374039 63.17375183
63.18069458 63.18069839
63.18848038 63.18848419
63.19468307 63.19469833
63.20361710 63.20362854
63.21230316 63.21232224
63.21721649 63.21720505
63.22576141 63.22576904
63.23293304 63.23295212
63.23922348 63.23920822
63.24544525 63.24544144
63.25255203 63.25252151
63.25930405 63.25929642
63.26966476 63.26965332
63.27613831 63.27612686
63.28084564 63.28083038
63.28865814 63.28866196
63.29594803 63.29596710
63.30466461 63.30469131
63.31076050 63.31077576
63.31915665 63.31918335
63.32418060 63.32419586
63.33390045 63.33387756
63.34143829 63.34144592
63.34783554 63.34783936
63.35573959 63.35574341
63.36170959 63.36173248
63.36850739 63.36850357
63.37688446 63.37687302
63.38360596 63.38363266
63.39149094 63.39152145
63.39776993 63.39777756
63.40481949 63.40486908
63.41355133 63.41356277
63.42109299 63.42108536
63.42642975 63.42644882
63.43341446 63.43340302
63.43991470 63.43995285
63.45027542 63.45030594
63.45752716 63.45752716
63.46150589 63.46152878
63.47000122 63.47001648
63.47638321 63.47638702
63.48183823 63.48183823
63.49046707 63.49046707
63.49956131 63.49953079
63.50935364 63.50935745
63.51537704 63.51535797
63.52125931 63.52125168
63.53066254 63.53067017
63.53429413 63.53427887
63.54370499 63.54367828
63.54866409 63.54865646
63.55560684 63.55562973
63.56090164 63.56090164
63.57108688 63.57109833
63.57658768 63.57661819
63.58391571 63.58391190
63.59388733 63.59389114
63.60188293 63.60189819
63.61055756 63.61058044
63.61524200 63.61524582
63.62312698 63.62313461
63.62892151 63.62894058
63.63529587 63.63531113
63.64110947 63.64111328
63.64764404 63.64767075
63.65629196 63.65630341
63.66247177 63.66246414
63.66736221 63.66736984
63.67628860 63.67630386
