53.45275116 53.45272827
53.44956207 53.44961548
53.45170975 53.45169449
53.45654297 53.45660400
53.46266937 53.46263123
53.46940613 53.46942520
53.47719574 53.47724533
53.48549271 53.48545456
53.49354172 53.49357986
53.50223541 53.50219727
53.51078033 53.51074219
53.51885986 53.51884460
53.52786255 53.52782440
53.53721237 53.53722000
53.54613113 53.54613876
53.55550385 53.55552673
53.56576157 53.56578064
53.57704544 53.57704926
53.58895874 53.58893967
53.60139084 53.60139847
53.61415863 53.61415482
53.62730408 53.62734604
53.64083481 53.64078140
53.65452957 53.65455627
53.66852570 53.66851425
53.68252945 53.68251038
53.69647598 53.69650269
53.71055984 53.71054077
53.72488403 53.72484970
53.73948288 53.73948669
53.75446320 53.75447083
53.76976013 53.76979065
53.78519821 53.78524399
53.80112839 53.80108261
53.81715775 53.81720734
53.83349609 53.83349228
53.85007095 53.85008240
53.86704254 53.86706543
53.88424301 53.88423538
53.90170288 53.90167618
53.91926193 53.91921616
53.93722534 53.93718719
53.95538330 53.95535660
53.97372818 53.97370911
53.99240494 53.99242020
54.01142883 54.01142883
54.03065491 54.03071594
54.05024338 54.05024338
54.07014084 54.07010269
54.09010696 54.09011078
54.11062241 54.11059952
54.13123703 54.13119125
54.15216064 54.15216446
54.17338181 54.17335892
54.19490814 54.19489670
54.21674728 54.21677780
54.23871613 54.23870850
54.26063919 54.26059723
54.28319550 54.28312683
54.30588913 54.30586624
54.32889175 54.32886124
54.35217667 54.35211945
54.37557983 54.37558746
54.39911652 54.39908218
54.42310715 54.42313385
54.44739151 54.44742584
54.47171783 54.47170639
54.49630356 54.49627686
54.52120590 54.52124786
54.54611206 54.54610443
54.57109451 54.57105255
54.59638977 54.59642792
54.62183380 54.62184906
54.64710236 54.64716339
54.67283249 54.67279434
54.69868851 54.69869232
54.72457886 54.72458267
54.75096512 54.75094223
54.77702332 54.77699661
54.80305481 54.80306625
54.82940292 54.82943726
54.85568619 54.85564041
54.88160324 54.88156128
54.90798569 54.90797043
54.93436813 54.93435669
54.96062469 54.96061325
54.98663712 54.98662567
55.01303101 55.01303864
55.03916550 55.03921127
55.06514359 55.06509399
55.09107590 55.09100723
55.11690903 55.11696243
55.14194107 55.14195251
55.16701126 55.16704178
55.19166565 55.19166565
55.21588898 55.21593857
55.24020767 55.24020386
55.26399994 55.26399612
55.28737259 55.28738403
55.31066513 55.31066895
55.33352661 55.33352661
55.35584259 55.35582352
55.37774277 55.37773514
55.39915085 55.39914322
55.42004776 55.42005920
55.44010544 55.44009781
55.45989227 55.45995712
55.47901917 55.47898102
55.49721146 55.49722672
55.51500702 55.51497650
55.53218079 55.53214645
55.54867554 55.54864502
55.56475067 55.56470490
55.58007812 55.58012009
55.59442139 55.59442520
55.60821533 55.60818100
55.62134552 55.62137604
55.63411713 55.63409042
55.64589691 55.64590073
55.65725708 55.65727997
55.66774750 55.66781235
55.67773438 55.67773056
55.68643570 55.68650436
55.69417572 55.69421387
55.70073700 55.70071411
55.70697784 55.70697021
55.71426010 55.71424484
55.72126389 55.72125244
55.72773743 55.72771835
55.73377228 55.73371887
55.73930359 55.73929214
55.74447632 55.74450302
55.74926376 55.74923325
55.75351334 55.75349426
55.75716019 55.75717163
55.76042175 55.76041412
55.76338959 55.76332474
55.76594162 55.76587296
55.76814651 55.76820755
55.76997757 55.77001190
55.77143860 55.77140427
55.77253342 55.77252960
55.77305222 55.77305984
55.77302551 55.77301407
55.77172852 55.77173996
55.76854706 55.76856613
55.76550293 55.76548767
55.76189804 55.76192474
55.75848770 55.75852203
55.75498199 55.75501633
55.75350952 55.75348663
55.75204086 55.75202942
55.75159073 55.75159836
55.75139999 55.75137329
55.75121689 55.75116348
55.75115204 55.75120163
55.75092316 55.75090408
55.75065613 55.75064468
55.75048447 55.75051498
55.74995804 55.75003433
55.74946594 55.74950409
55.74895859 55.74896622
55.74824142 55.74824905
55.74676895 55.74676895
55.74421310 55.74420166
55.73875427 55.73878479
55.73312759 55.73315430
55.73026276 55.73029327
55.72843552 55.72848892
55.72695160 55.72694778
55.72528839 55.72534180
55.72356415 55.72361374
55.72172928 55.72172546
55.71894836 55.71889114
55.71454239 55.71456146
55.70799255 55.70793533
55.69936752 55.69934082
55.69032288 55.69031525
55.68318558 55.68317413
55.67611694 55.67610168
55.66819763 55.66819000
55.66229248 55.66227341
55.65690613 55.65684891
55.65203476 55.65203094
55.64768982 55.64767456
55.64337158 55.64340973
55.63872147 55.63867569
55.63342667 55.63335800
55.62712479 55.62712097
55.61701965 55.61701202
55.60512161 55.60519791
55.59553909 55.59552765
55.58905792 55.58907700
55.58288574 55.58286285
55.57672501 55.57675171
55.56841278 55.56847000
55.56070709 55.56075287
55.55521011 55.55514526
55.55147552 55.55140686
55.54932785 55.54929352
55.54579163 55.54573822
55.54187393 55.54187012
55.53926468 55.53925705
55.53860474 55.53861618
55.53783035 55.53783798
55.53767776 55.53769302
55.53666306 55.53668976
55.53543854 55.53547287
55.53317642 55.53316498
55.52749252 55.52754974
55.52130508 55.52135086
55.51253891 55.51258087
55.50433731 55.50440216
55.50075531 55.50078583
55.49883270 55.49884415
55.49544525 55.49542618
55.48515320 55.48515701
55.47386932 55.47388077
55.46280670 55.46283340
55.45485306 55.45481873
55.44905472 55.44907761
55.44595337 55.44596481
55.44284821 55.44290161
55.43707657 55.43707657
55.43038559 55.43038177
55.42342377 55.42353821
55.41772461 55.41769028
55.41482925 55.41478729
55.41125107 55.41128922
55.40871811 55.40876389
55.40781784 55.40784454
55.40347672 55.40347290
55.39483643 55.39481354
55.38656998 55.38655090
55.37728119 55.37727356
55.37327194 55.37325668
55.37089157 55.37084579
55.36768341 55.36771011
55.36113739 55.36114502
55.35470581 55.35472870
55.35064316 55.35065079
55.34886551 55.34880447
55.34690475 55.34693527
55.34685516 55.34684753
55.34770203 55.34767151
55.34849548 55.34846878
55.34805679 55.34806061
55.34610748 55.34612274
55.34353256 55.34349442
55.33927917 55.33930588
55.33417130 55.33422089
55.32897186 55.32896423
55.32759476 55.32762146
55.32665253 55.32661819
55.32415390 55.32409286
55.32294083 55.32299805
55.32032394 55.32028961
55.31604004 55.31600571
55.31494522 55.31494522
55.31476974 55.31472397
55.31188965 55.31184387
55.30610657 55.30609131
55.30131531 55.30129623
55.30146408 55.30145645
55.30406189 55.30407715
55.30723190 55.30718231
55.30984879 55.30989456
55.31305695 55.31308365
55.31508255 55.31502533
55.31137466 55.31139374
55.30600357 55.30599976
55.30326462 55.30331421
55.29986572 55.29991913
55.29480743 55.29479599
55.29010391 55.29005814
55.28995895 55.28995514
55.29362869 55.29362488
55.29780197 55.29782486
55.30296707 55.30301666
55.30779648 55.30783081
55.31240845 55.31240845
55.31440735 55.31440735
55.31687927 55.31687927
55.32078934 55.32081223
55.32629776 55.32633209
55.33185959 55.33185577
55.33641434 55.33643723
55.33766556 55.33767700
55.34007645 55.34007645
55.34526062 55.34516525
55.35137939 55.35140610
55.35714340 55.35715103
55.36337662 55.36337280
55.36905670 55.36906815
55.37514114 55.37509155
55.38054276 55.38052368
55.38291168 55.38289642
55.38401031 55.38406754
55.38921356 55.38923645
55.39535522 55.39537048
55.40195084 55.40191269
55.40848541 55.40851593
55.41445923 55.41441727
55.42079926 55.42080688
55.42761993 55.42768097
55.43362045 55.43363190
55.44047928 55.44049454
55.44750595 55.44749832
55.45441437 55.45443344
55.46132278 55.46131897
55.46796036 55.46791840
55.47511673 55.47515488
55.48213196 55.48212433
55.48934174 55.48939133
55.49623489 55.49627686
55.50322723 55.50325775
55.51048279 55.51055145
55.51815796 55.51811218
55.52515030 55.52511978
55.53229141 55.53234863
55.53959274 55.53956223
55.54663849 55.54660797
55.55350113 55.55349731
55.55868912 55.55868912
55.55958939 55.55953979
55.56579590 55.56581116
55.57257080 55.57261658
55.57991028 55.57991791
55.58687973 55.58688736
55.59439468 55.59436798
55.60161209 55.60165024
55.60929108 55.60929489
55.61608505 55.61609268
55.62326813 55.62323380
55.62623215 55.62621689
55.62953568 55.62951660
55.63553619 55.63550949
55.64248657 55.64245224
55.65022659 55.65021896
55.65796661 55.65796661
55.66531372 55.66529846
55.67291641 55.67292023
55.68062210 55.68064117
55.68784714 55.68786240
55.69542313 55.69544220
55.70298767 55.70302200
55.71046448 55.71049118
55.71820450 55.71815491
55.72587585 55.72594070
55.73406982 55.73409653
55.74152374 55.74156189
55.74933243 55.74930573
55.75759888 55.75762939
55.76505280 55.76505661
55.77284622 55.77289963
55.78122330 55.78115845
55.78889847 55.78895569
55.79711533 55.79719925
55.80502319 55.80501556
55.81295776 55.81300354
55.81986237 55.81986237
55.82856750 55.82855225
55.83646774 55.83649063
55.84434891 55.84443283
55.85181427 55.85182571
55.86011124 55.86013412
55.86759949 55.86761475
55.87376022 55.87380981
55.87829590 55.87827682
55.88240051 55.88244629
55.89075851 55.89076233
55.89817429 55.89818192
55.90536880 55.90539169
55.91328430 55.91329575
55.92101288 55.92102432
55.92906189 55.92906189
55.93666077 55.93670273
55.94464493 55.94463730
55.95238876 55.95238876
55.96052551 55.96048737
55.96891022 55.96895218
55.97671509 55.97673798
55.98505020 55.98506546
55.99338531 55.99339676
56.00135040 56.00133896
56.00959396 56.00957108
56.01728058 56.01723862
56.02587509 56.02584839
56.03406143 56.03399658
56.04254532 56.04246521
56.05090332 56.05090714
56.05892944 56.05894470
56.06710434 56.06710434
56.07505798 56.07501984
56.08383560 56.08385086
56.09209442 56.09210587
56.09983826 56.09980774
56.10797501 56.10797501
56.11647034 56.11642456
56.12436295 56.12432861
56.13245010 56.13243866
56.14104080 56.14107132
56.14918137 56.14911652
56.15638351 56.15638351
56.16457367 56.16460037
56.17317200 56.17316818
56.18185806 56.18182755
56.18978119 56.18970108
56.19749832 56.19747925
56.20541763 56.20537567
56.21350098 56.21350098
56.22122955 56.22127151
56.22865295 56.22866440
56.23638535 56.23640442
56.24386978 56.24388504
56.24967957 56.24967575
56.25431442 56.25428391
56.26153183 56.26152802
56.26915741 56.26914978
56.27647018 56.27645493
56.28485489 56.28482819
56.29301071 56.29303360
56.30119324 56.30122757
56.30888367 56.30892181
56.31674957 56.31673431
56.32437897 56.32442093
56.33337402 56.33338928
56.34056091 56.34057999
56.34908295 56.34906387
56.35715485 56.35716248
56.36536407 56.36533356
56.37360382 56.37356949
56.38166809 56.38168335
56.39019012 56.39018631
56.39860916 56.39859772
56.40618515 56.40619278
56.41519928 56.41515350
56.42254257 56.42253113
56.43095016 56.43096161
56.43904877 56.43902969
56.44689560 56.44692612
56.45563126 56.45566177
56.46359253 56.46362305
56.47124100 56.47122955
56.47931671 56.47930527
56.48857880 56.48853683
56.49647141 56.49645996
56.50449753 56.50447464
56.51325607 56.51323318
56.52075577 56.52070999
56.52924347 56.52922821
56.53728104 56.53728867
56.54541016 56.54537964
56.55332184 56.55327606
56.56103516 56.56101990
56.56937408 56.56932831
56.57755661 56.57753754
56.58601761 56.58602142
56.59406662 56.59409332
56.60153580 56.60150146
56.60953140 56.60950470
56.61827469 56.61820602
56.62602234 56.62600327
56.63421249 56.63423538
56.64210129 56.64211273
56.65002441 56.64996719
56.65805054 56.65806580
56.66661072 56.66662598
56.67451859 56.67456818
56.68209076 56.68208694
56.69025040 56.69028091
56.69747543 56.69754791
56.70607376 56.70604324
56.71315765 56.71316528
56.72193146 56.72187805
56.72902298 56.72904968
56.73805237 56.73809052
56.74538040 56.74539185
56.75327301 56.75329208
56.76045227 56.76038742
56.76895523 56.76894760
56.77666092 56.77664185
56.78422928 56.78427124
56.79254532 56.79256439
56.79990768 56.79991531
56.80773544 56.80778122
56.81515503 56.81517410
56.82255554 56.82252884
56.82936096 56.82932663
56.83331299 56.83325958
56.83792496 56.83793259
56.84537888 56.84530640
56.85243988 56.85247040
56.85931396 56.85927582
56.86702728 56.86697769
56.87455750 56.87459183
56.88201904 56.88195801
56.88917923 56.88918686
56.89702988 56.89701843
56.90417862 56.90422821
