238.32481384 238.32499695
238.32481384 238.32543945
238.32481384 238.32574463
238.32481384 238.32583618
238.32481384 238.32588196
238.32481384 238.32594299
238.32481384 238.32580566
238.32481384 238.32577515
238.32481384 238.32557678
238.32481384 238.32539368
238.32481384 238.32514954
238.32481384 238.32490540
238.32481384 238.32463074
238.32481384 238.32435608
238.32481384 238.32405090
238.32481384 238.32374573
238.32481384 238.32344055
238.32481384 238.32308960
238.32481384 238.32278442
238.32481384 238.32234192
238.32481384 238.32196045
238.32481384 238.32150269
238.32481384 238.32116699
238.32481384 238.32077026
238.32481384 238.32041931
238.32481384 238.31994629
238.32481384 238.31961060
238.32481384 238.31922913
238.32481384 238.31878662
238.32481384 238.31840515
238.32481384 238.31796265
238.32481384 238.31759644
238.32481384 238.31718445
238.32481384 238.31671143
238.32481384 238.31629944
238.32481384 238.31578064
238.32481384 238.31533813
238.32481384 238.31494141
238.32481384 238.31449890
238.32481384 238.31402588
238.32481384 238.31358337
238.32481384 238.31320190
238.32481384 238.31274414
238.32481384 238.31231689
238.32481384 238.31188965
238.32481384 238.31141663
238.32481384 238.31098938
238.32481384 238.31056213
238.32481384 238.31010437
238.32481384 238.30960083
238.32481384 238.30920410
238.32481384 238.30873108
238.32481384 238.30834961
238.32481384 238.30778503
238.32481384 238.30737305
238.32481384 238.30699158
238.32481384 238.30648804
238.32481384 238.30612183
238.32481384 238.30563354
238.32481384 238.30522156
238.32481384 238.30482483
238.32481384 238.30439758
238.32481384 238.30395508
238.32481384 238.30351257
238.32481384 238.30307007
238.32481384 238.30262756
238.32481384 238.30221558
238.32481384 238.30181885
238.32481384 238.30139160
238.32481384 238.30094910
238.32481384 238.30044556
238.32481384 238.30009460
238.32481384 238.29969788
238.32481384 238.29919434
238.32481384 238.29872131
238.32481384 238.29830933
238.32481384 238.29782104
238.32481384 238.29742432
238.32481384 238.29698181
238.32481384 238.29647827
238.32481384 238.29606628
238.32481384 238.29568481
238.32481384 238.29522705
238.32481384 238.29483032
238.32481384 238.29438782
238.32481384 238.29394531
238.32481384 238.29350281
238.32481384 238.29301453
238.32481384 238.29254150
238.32481384 238.29216003
238.32481384 238.29170227
238.32481384 238.29129028
238.32481384 238.29087830
238.32481384 238.29048157
238.32481384 238.29005432
238.32481384 238.28961182
238.32481384 238.28918457
238.32481384 238.28872681
238.32481384 238.28828430
238.32481384 238.28790283
238.32481384 238.28738403
238.32481384 238.28697205
238.32481384 238.28651428
238.32481384 238.28604126
238.32481384 238.28564453
238.32481384 238.28529358
238.32481384 238.28486633
238.32481384 238.28443909
238.32481384 238.28399658
238.32481384 238.28356934
238.32481384 238.28317261
238.32481384 238.28266907
238.32481384 238.28230286
238.32481384 238.28184509
238.32481384 238.28140259
238.32481384 238.28096008
238.32481384 238.28057861
238.32481384 238.28013611
238.32481384 238.27973938
238.32481384 238.27926636
238.32481384 238.27882385
238.32481384 238.27842712
238.32481384 238.27799988
238.32481384 238.27757263
238.32481384 238.27709961
238.32481384 238.27668762
238.32481384 238.27624512
238.32481384 238.27580261
238.32481384 238.27531433
238.32481384 238.27490234
238.32481384 238.27452087
238.32481384 238.27409363
238.32481384 238.27363586
238.32481384 238.27322388
238.32481384 238.27278137
238.32481384 238.27230835
238.32481384 238.27194214
238.32481384 238.27153015
238.32481384 238.27105713
238.32481384 238.27061462
238.32481384 238.27021790
238.32481384 238.26972961
238.32481384 238.26930237
238.32481384 238.26884460
238.32481384 238.26843262
238.32481384 238.26803589
238.32481384 238.26763916
238.32481384 238.26721191
238.32481384 238.26681519
238.32481384 238.26637268
238.32481384 238.26597595
238.32481384 238.26553345
238.32481384 238.26510620
238.32481384 238.26469421
238.32481384 238.26422119
238.32481384 238.26382446
238.32481384 238.26342773
238.32481384 238.26300049
238.32481384 238.26255798
238.32481384 238.26214600
238.32481384 238.26173401
238.32481384 238.26135254
238.32481384 238.26091003
238.32481384 238.26046753
238.32481384 238.26000977
238.32481384 238.25952148
238.32481384 238.25912476
238.32481384 238.25875854
238.32481384 238.25833130
238.32481384 238.25788879
238.32481384 238.25749207
238.32481384 238.25703430
238.32481384 238.25662231
238.32481384 238.25616455
238.32481384 238.25576782
238.32481384 238.25531006
238.32481384 238.25485229
238.32481384 238.25442505
238.32481384 238.25399780
238.32481384 238.25358582
238.32481384 238.25318909
238.32481384 238.25282288
238.32481384 238.25231934
238.32481384 238.25190735
238.32481384 238.25152588
238.32481384 238.25114441
238.32481384 238.25070190
238.32481384 238.25033569
238.32481384 238.24990845
238.32481384 238.24948120
238.32481384 238.24905396
238.32481384 238.24862671
238.32481384 238.24822998
238.32481384 238.24783325
238.32481384 238.24740601
238.32481384 238.24707031
238.32481384 238.24667358
238.32481384 238.24629211
238.32481384 238.24581909
238.32481384 238.24546814
238.32481384 238.24504089
238.32481384 238.24459839
238.32481384 238.24424744
238.32481384 238.24378967
238.32481384 238.24339294
238.32481384 238.24298096
238.32481384 238.24255371
238.32481384 238.24220276
238.32481384 238.24180603
238.32481384 238.24143982
238.32481384 238.24107361
238.32481384 238.24067688
238.32481384 238.24029541
238.32481384 238.23985291
238.32481384 238.23939514
238.32481384 238.23902893
238.32481384 238.23860168
238.32481384 238.23815918
238.32481384 238.23782349
238.32481384 238.23741150
238.32481384 238.23701477
238.32481384 238.23664856
238.32481384 238.23616028
238.32481384 238.23576355
238.32481384 238.23533630
238.32481384 238.23495483
238.32481384 238.23452759
238.32481384 238.23414612
238.32481384 238.23376465
238.32481384 238.23332214
238.32481384 238.23286438
238.32481384 238.23248291
238.32481384 238.23202515
238.32481384 238.23159790
238.32481384 238.23126221
238.32481384 238.23089600
238.32481384 238.23049927
238.32481384 238.23010254
238.32481384 238.22970581
238.32481384 238.22929382
238.32481384 238.22894287
238.32481384 238.22853088
238.32481384 238.22814941
238.32481384 238.22770691
238.32481384 238.22732544
238.32481384 238.22691345
238.32481384 238.22654724
238.32481384 238.22615051
238.32481384 238.22576904
238.32481384 238.22540283
238.32481384 238.22494507
238.32481384 238.22456360
238.32481384 238.22410583
238.32481384 238.22373962
238.32481384 238.22334290
238.32481384 238.22293091
238.32481384 238.22254944
238.32481384 238.22218323
238.32481384 238.22178650
238.32481384 238.22135925
238.32481384 238.22097778
238.32481384 238.22059631
238.32481384 238.22021484
238.32481384 238.21981812
238.32481384 238.21942139
238.32481384 238.21907043
238.32481384 238.21873474
238.32481384 238.21838379
238.32481384 238.21798706
238.32481384 238.21755981
238.32481384 238.21719360
238.32481384 238.21682739
238.32481384 238.21636963
238.32481384 238.21594238
238.32481384 238.21554565
238.32481384 238.21517944
238.32481384 238.21475220
238.32481384 238.21438599
238.32481384 238.21401978
238.32481384 238.21365356
238.32481384 238.21328735
238.32481384 238.21292114
238.32481384 238.21250916
238.32481384 238.21215820
238.32481384 238.21174622
238.32481384 238.21136475
238.32481384 238.21096802
238.32481384 238.21061707
238.32481384 238.21029663
238.32481384 238.20989990
238.32481384 238.20951843
238.32481384 238.20909119
238.32481384 238.20870972
238.32481384 238.20831299
238.32481384 238.20799255
238.32481384 238.20764160
238.32481384 238.20730591
238.32481384 238.20687866
238.32481384 238.20649719
238.32481384 238.20610046
238.32481384 238.20573425
238.32481384 238.20533752
238.32481384 238.20501709
238.32481384 238.20465088
238.32481384 238.20428467
238.32481384 238.20388794
238.32481384 238.20355225
238.32481384 238.20317078
238.32481384 238.20277405
238.32481384 238.20237732
238.32481384 238.20207214
238.32481384 238.20170593
238.32481384 238.20135498
238.32481384 238.20097351
238.32481384 238.20054626
238.32481384 238.20021057
238.32481384 238.19987488
238.32481384 238.19950867
238.32481384 238.19918823
238.32481384 238.19879150
238.32481384 238.19837952
238.32481384 238.19802856
238.32481384 238.19766235
238.32481384 238.19725037
238.32481384 238.19691467
238.32481384 238.19654846
238.32481384 238.19618225
238.32481384 238.19577026
238.32481384 238.19543457
238.32481384 238.19506836
238.32481384 238.19467163
238.32481384 238.19430542
238.32481384 238.19395447
238.32481384 238.19361877
238.32481384 238.19329834
238.32481384 238.19296265
238.32481384 238.19256592
238.32481384 238.19218445
238.32481384 238.19183350
238.32481384 238.19142151
238.32481384 238.19105530
238.32481384 238.19064331
238.32481384 238.19030762
238.32481384 238.18992615
238.32481384 238.18954468
238.32481384 238.18913269
238.32481384 238.18881226
238.32481384 238.18841553
238.32481384 238.18806458
238.32481384 238.18768311
238.32481384 238.18731689
238.32481384 238.18693542
238.32481384 238.18661499
238.32481384 238.18627930
238.32481384 238.18595886
238.32481384 238.18559265
238.32481384 238.18525696
238.32481384 238.18489075
238.32481384 238.18453979
238.32481384 238.18414307
238.32481384 238.18374634
238.32481384 238.18341064
238.32481384 238.18307495
238.32481384 238.18275452
238.32481384 238.18237305
238.32481384 238.18200684
238.32481384 238.18159485
238.32481384 238.18122864
238.32481384 238.18084717
238.32481384 238.18045044
238.32481384 238.18014526
238.32481384 238.17984009
238.32481384 238.17944336
238.32481384 238.17900085
238.32481384 238.17864990
238.32481384 238.17832947
238.32481384 238.17796326
238.32481384 238.17752075
238.32481384 238.17723083
238.32481384 238.17689514
238.32481384 238.17655945
238.32481384 238.17623901
238.32481384 238.17590332
238.32481384 238.17546082
238.32481384 238.17512512
238.32481384 238.17474365
238.32481384 238.17445374
238.32481384 238.17414856
238.32481384 238.17378235
238.32481384 238.17338562
238.32481384 238.17308044
238.32481384 238.17274475
238.32481384 238.17242432
238.32481384 238.17202759
238.32481384 238.17166138
238.32481384 238.17134094
238.32481384 238.17094421
238.32481384 238.17060852
238.32481384 238.17025757
238.32481384 238.16989136
238.32481384 238.16957092
238.32481384 238.16921997
238.32481384 238.16885376
238.32481384 238.16853333
238.32481384 238.16819763
238.32481384 238.16789246
238.32481384 238.16758728
238.32481384 238.16720581
238.32481384 238.16682434
238.32481384 238.16648865
238.32481384 238.16615295
238.32481384 238.16583252
238.32481384 238.16549683
238.32481384 238.16517639
238.32481384 238.16476440
238.32481384 238.16445923
238.32481384 238.16412354
238.32481384 238.16377258
238.32481384 238.16342163
238.32481384 238.16311646
238.32481384 238.16278076
238.32481384 238.16238403
238.32481384 238.16212463
238.32481384 238.16174316
238.32481384 238.16145325
238.32481384 238.16105652
238.32481384 238.16072083
238.32481384 238.16038513
238.32481384 238.16011047
238.32481384 238.15972900
238.32481384 238.15940857
238.32481384 238.15904236
238.32481384 238.15867615
238.32481384 238.15830994
238.32481384 238.15795898
238.32481384 238.15763855
238.32481384 238.15731812
238.32481384 238.15698242
238.32481384 238.15663147
238.32481384 238.15626526
238.32481384 238.15596008
238.32481384 238.15563965
238.32481384 238.15533447
238.32481384 238.15498352
238.32481384 238.15469360
238.32481384 238.15434265
238.32481384 238.15403748
238.32481384 238.15368652
238.32481384 238.15336609
238.32481384 238.15306091
238.32481384 238.15274048
238.32481384 238.15237427
238.32481384 238.15208435
238.32481384 238.15171814
238.32481384 238.15139771
238.32481384 238.15107727
238.32481384 238.15075684
238.32481384 238.15045166
238.32481384 238.15014648
238.32481384 238.14982605
238.32481384 238.14947510
238.32481384 238.14913940
238.32481384 238.14880371
238.32481384 238.14843750
238.32481384 238.14813232
238.32481384 238.14781189
238.32481384 238.14750671
238.32481384 238.14717102
238.32481384 238.14688110
238.32481384 238.14659119
238.32481384 238.14633179
238.32481384 238.14598083
238.32481384 238.14562988
238.32481384 238.14527893
238.32481384 238.14495850
238.32481384 238.14459229
238.32481384 238.14427185
238.32481384 238.14398193
238.32481384 238.14369202
238.32481384 238.14335632
238.32481384 238.14300537
238.32481384 238.14263916
238.32481384 238.14233398
238.32481384 238.14205933
238.32481384 238.14176941
238.32481384 238.14144897
238.32481384 238.14115906
238.32481384 238.14082336
238.32481384 238.14042664
238.32481384 238.14015198
238.32481384 238.13980103
238.32481384 238.13952637
238.32481384 238.13917542
238.32481384 238.13883972
238.32481384 238.13848877
238.32481384 238.13815308
238.32481384 238.13783264
238.32481384 238.13751221
238.32481384 238.13719177
238.32481384 238.13685608
