53.47506332 53.47505951
53.41446686 53.41447067
53.34387207 53.34384537
53.27148056 53.27144623
53.19427109 53.19432449
53.11334991 53.11334991
53.03129196 53.03126907
52.95567322 52.95561600
52.88266373 52.88263702
52.80570984 52.80569458
52.72278595 52.72277069
52.63307190 52.63306808
52.53661728 52.53664398
52.43241882 52.43246841
52.32017136 52.32017136
52.19864273 52.19868469
52.06732559 52.06732559
51.92471313 51.92468262
51.77038574 51.77038574
51.60364914 51.60362625
51.42329788 51.42326736
51.22941589 51.22944260
51.02161407 51.02162933
50.79950333 50.79950714
50.56282425 50.56284714
50.31131744 50.31134796
50.04455948 50.04454422
49.76240921 49.76243210
49.46498489 49.46496964
49.15217590 49.15217590
48.82427216 48.82425690
48.48098755 48.48101044
48.12248230 48.12246323
47.74935532 47.74935150
47.36176300 47.36182022
46.96013260 46.96017838
46.54497910 46.54502487
46.11666107 46.11663437
45.67601395 45.67605209
45.22344589 45.22348785
44.76001740 44.76001358
44.28661346 44.28660202
43.80364609 43.80366898
43.31236267 43.31230927
42.81331635 42.81330872
42.30758286 42.30760574
41.79608536 41.79609299
41.27940750 41.27942657
40.75827408 40.75828171
40.23372650 40.23374939
39.70629501 39.70628738
39.17665482 39.17668533
38.64548874 38.64551926
38.11307526 38.11309814
37.58030319 37.58032608
37.04738998 37.04738235
36.51500320 36.51500702
35.98355865 35.98358536
35.45349884 35.45349121
34.92494583 34.92495728
34.39810944 34.39810562
33.87350845 33.87351990
33.35109711 33.35112000
32.83162308 32.83161545
32.31518173 32.31518173
31.80190277 31.80191994
31.29201889 31.29203796
30.78549385 30.78549385
30.28219795 30.28217316
29.78226662 29.78224754
29.28559875 29.28560448
28.79237366 28.79240417
28.30264664 28.30266762
27.81604576 27.81604385
27.33276558 27.33275986
26.85265732 26.85269356
26.37608528 26.37609673
25.90256500 25.90257263
25.43222237 25.43226242
24.96525955 24.96525955
24.50159836 24.50162506
24.04106903 24.04108047
23.58362961 23.58362770
23.12939644 23.12936974
22.67834854 22.67834854
22.23049736 22.23048782
21.78569794 21.78570366
21.34409904 21.34409904
20.90563011 20.90563965
20.47040176 20.47040558
20.03824997 20.03823853
19.60933304 19.60935402
19.18359184 19.18360901
18.76103210 18.76104546
18.34159470 18.34160423
17.92533875 17.92533684
17.51234627 17.51234436
17.10243034 17.10244370
16.69588089 16.69588280
16.29279900 16.29281044
15.89293575 15.89294147
15.49627018 15.49627399
15.10298824 15.10299397
14.71309280 14.71309185
14.32669544 14.32669163
13.94366646 13.94364357
13.56416607 13.56416321
13.18819618 13.18817616
12.81579685 12.81578541
12.44715023 12.44714451
12.08222485 12.08223534
11.72099495 11.72100925
11.36366463 11.36367035
11.00994396 11.00994682
10.66017628 10.66016769
10.31443119 10.31442833
9.97267151 9.97267628
9.63511848 9.63512897
9.30178928 9.30181885
8.97269821 8.97272587
8.64783096 8.64787102
8.32751465 8.32754230
8.01174068 8.01176071
7.70027685 7.70029116
7.39362097 7.39363766
7.09172153 7.09170961
6.79473305 6.79476261
6.50269318 6.50269318
6.21564245 6.21564198
5.93373871 5.93374920
5.65714216 5.65711975
5.38609934 5.38608837
5.12035275 5.12033033
4.86014557 4.86012077
4.60578108 4.60576582
4.35715485 4.35713387
4.11469126 4.11469412
3.87830710 3.87829614
3.64813185 3.64813280
3.42435575 3.42432213
3.20717955 3.20716548
2.99664593 2.99665833
2.79282188 2.79282689
2.59574080 2.59574556
2.40559077 2.40559006
2.22239780 2.22240806
2.04612803 2.04611683
1.87699091 1.87698543
1.71480346 1.71480608
1.55969095 1.55969250
1.41129482 1.41129529
1.26985168 1.26985991
1.13533747 1.13534033
1.00787508 1.00788045
0.88726169 0.88726366
0.77334571 0.77335513
0.66650778 0.66650814
0.56665719 0.56665665
0.47413403 0.47412881
0.38877669 0.38877818
0.31088153 0.31088310
0.24068670 0.24068661
0.17834367 0.17834331
0.12418158 0.12418188
0.07895237 0.07895201
0.04356780 0.04356808
0.01886020 0.01886033
0.00456494 0.00456495
0.00036545 0.00036545
0.00029637 0.00029637
0.00026985 0.00026985
0.00023275 0.00023275
0.00022558 0.00022558
0.00021233 0.00021233
0.00021145 0.00021145
0.00021124 0.00021124
0.00020180 0.00020180
0.00019850 0.00019850
0.00020072 0.00020072
0.00019761 0.00019761
0.00019238 0.00019238
0.00019426 0.00019426
0.00018089 0.00018089
0.00019478 0.00019478
0.00018979 0.00018979
0.00018536 0.00018536
0.00018325 0.00018325
0.00018887 0.00018887
0.00019281 0.00019281
0.00018507 0.00018507
0.00018355 0.00018355
0.00019627 0.00019627
0.00019481 0.00019481
0.00019004 0.00019004
0.00018471 0.00018471
0.00019518 0.00019518
0.00018672 0.00018672
0.00019100 0.00019100
0.00018505 0.00018505
0.00018280 0.00018280
0.00017978 0.00017978
0.00018744 0.00018744
0.00019309 0.00019309
0.00018644 0.00018644
0.00018184 0.00018184
0.00019371 0.00019371
0.00019095 0.00019095
0.00020597 0.00020597
0.00019366 0.00019366
0.00019084 0.00019084
0.00017206 0.00017206
0.00016852 0.00016852
0.00018556 0.00018556
0.00018114 0.00018114
0.00018010 0.00018010
0.00018742 0.00018743
0.00021311 0.00021311
0.00018611 0.00018611
0.00017912 0.00017912
0.00018519 0.00018519
0.00018694 0.00018694
0.00018747 0.00018747
0.00019588 0.00019588
0.00018900 0.00018900
0.00018683 0.00018683
0.00019453 0.00019453
0.00022749 0.00022749
0.00020029 0.00020029
0.00018133 0.00018133
0.00019546 0.00019546
0.00019765 0.00019765
0.00019259 0.00019259
0.00018352 0.00018352
0.00018391 0.00018391
0.00018861 0.00018861
0.00018139 0.00018139
0.00019236 0.00019236
0.00019532 0.00019532
0.00018842 0.00018842
0.00019089 0.00019089
0.00019400 0.00019400
0.00019446 0.00019446
0.00018651 0.00018651
0.00017382 0.00017383
0.00019683 0.00019683
0.00017307 0.00017307
0.00019188 0.00019188
0.00018141 0.00018141
0.00019243 0.00019243
0.00019058 0.00019058
0.00019197 0.00019197
0.00018619 0.00018619
0.00019151 0.00019152
0.00018966 0.00018966
0.00018151 0.00018150
0.00018456 0.00018456
0.00018915 0.00018915
0.00019710 0.00019710
0.00018474 0.00018474
0.00018456 0.00018456
0.00018841 0.00018841
0.00018929 0.00018929
0.00020345 0.00020345
0.00018579 0.00018579
0.00019433 0.00019433
0.00017343 0.00017343
0.00017783 0.00017783
0.00019556 0.00019556
0.00018710 0.00018710
0.00018603 0.00018603
0.00019125 0.00019125
0.00018833 0.00018833
0.00019357 0.00019357
0.00018345 0.00018345
0.00018283 0.00018283
0.00018755 0.00018755
0.00018749 0.00018749
0.00018619 0.00018619
0.00021518 0.00021518
0.00017647 0.00017647
0.00018815 0.00018815
0.00019467 0.00019466
0.00019197 0.00019197
0.00018810 0.00018810
0.00018518 0.00018518
0.00018712 0.00018712
0.00019059 0.00019059
0.00019625 0.00019625
0.00018241 0.00018241
0.00018522 0.00018522
0.00018791 0.00018791
0.00019558 0.00019558
0.00018947 0.00018947
0.00019397 0.00019397
0.00019849 0.00019849
0.00017867 0.00017867
0.00019181 0.00019181
0.00018305 0.00018305
0.00018238 0.00018238
0.00020304 0.00020304
0.00018586 0.00018586
0.00018695 0.00018695
0.00018256 0.00018256
0.00019289 0.00019289
0.00019041 0.00019041
0.00018988 0.00018988
0.00019617 0.00019617
0.00019420 0.00019420
0.00020349 0.00020349
0.00018586 0.00018586
0.00018037 0.00018037
0.00019240 0.00019240
0.00018558 0.00018558
0.00017920 0.00017920
0.00018503 0.00018503
0.00018571 0.00018571
0.00018328 0.00018328
0.00019517 0.00019517
0.00018103 0.00018103
0.00018687 0.00018687
0.00019151 0.00019151
0.00019517 0.00019517
0.00020021 0.00020021
0.00018341 0.00018341
0.00020196 0.00020196
0.00018246 0.00018246
0.00021212 0.00021212
0.00019146 0.00019146
0.00020601 0.00020601
0.00018535 0.00018535
0.00018354 0.00018354
0.00017828 0.00017828
0.00019763 0.00019763
0.00018372 0.00018372
0.00019906 0.00019906
0.00018730 0.00018730
0.00019009 0.00019009
0.00018824 0.00018824
0.00019374 0.00019374
0.00018848 0.00018848
0.00017664 0.00017664
0.00018214 0.00018214
0.00016973 0.00016973
0.00019994 0.00019994
0.00018854 0.00018854
0.00018807 0.00018807
0.00018064 0.00018065
0.00018130 0.00018130
0.00018688 0.00018688
0.00019918 0.00019918
0.00018742 0.00018742
0.00018474 0.00018474
0.00018911 0.00018911
0.00018041 0.00018041
0.00019109 0.00019108
0.00018706 0.00018706
0.00019650 0.00019650
0.00018924 0.00018924
0.00018252 0.00018252
0.00018501 0.00018501
0.00018284 0.00018284
0.00019125 0.00019125
0.00018577 0.00018577
0.00018689 0.00018689
0.00019451 0.00019451
0.00019675 0.00019675
0.00018902 0.00018902
0.00018823 0.00018823
0.00018310 0.00018310
0.00019015 0.00019015
0.00018921 0.00018921
0.00021375 0.00021376
0.00019270 0.00019270
0.00018487 0.00018487
0.00018495 0.00018495
0.00017809 0.00017809
0.00017575 0.00017575
0.00017640 0.00017640
0.00019209 0.00019209
0.00019135 0.00019135
0.00018547 0.00018547
0.00020445 0.00020444
0.00020749 0.00020749
0.00019205 0.00019205
0.00018925 0.00018925
0.00020156 0.00020156
0.00018508 0.00018508
0.00017908 0.00017908
0.00019160 0.00019160
0.00017904 0.00017904
0.00017519 0.00017519
0.00018088 0.00018088
0.00018434 0.00018434
0.00018247 0.00018247
0.00017342 0.00017342
0.00018759 0.00018759
0.00018400 0.00018400
0.00023563 0.00023564
0.00019613 0.00019613
0.00018145 0.00018145
0.00019688 0.00019689
0.00018876 0.00018876
0.00017835 0.00017835
0.00019437 0.00019437
0.00021668 0.00021668
0.00018969 0.00018969
0.00020039 0.00020039
0.00018778 0.00018778
0.00018460 0.00018460
0.00018191 0.00018191
0.00019621 0.00019621
0.00018740 0.00018740
0.00018887 0.00018887
0.00018796 0.00018796
0.00018520 0.00018520
0.00018181 0.00018181
0.00018443 0.00018443
0.00018569 0.00018569
0.00018613 0.00018613
0.00019321 0.00019321
0.00018758 0.00018758
0.00018621 0.00018621
0.00017956 0.00017956
0.00021829 0.00021829
0.00020247 0.00020247
0.00019552 0.00019552
0.00018096 0.00018096
0.00018857 0.00018857
0.00018811 0.00018812
0.00019089 0.00019089
0.00018642 0.00018642
0.00017528 0.00017528
0.00018958 0.00018958
0.00019467 0.00019467
0.00017731 0.00017731
0.00019002 0.00019002
0.00018087 0.00018087
0.00018512 0.00018512
0.00018650 0.00018650
0.00018554 0.00018554
0.00018285 0.00018285
0.00019060 0.00019060
0.00019301 0.00019301
0.00018648 0.00018648
0.00019519 0.00019518
0.00019036 0.00019035
0.00019186 0.00019186
0.00018491 0.00018491
0.00019191 0.00019191
0.00018232 0.00018232
0.00017857 0.00017857
0.00017831 0.00017831
0.00018638 0.00018638
0.00018505 0.00018505
0.00019408 0.00019408
0.00019959 0.00019959
0.00019964 0.00019964
0.00018899 0.00018899
0.00019523 0.00019523
0.00018668 0.00018668
0.00018828 0.00018828
0.00018159 0.00018159
0.00019097 0.00019097
0.00020157 0.00020157
0.00018699 0.00018699
0.00017969 0.00017969
0.00020398 0.00020398
0.00019897 0.00019897
0.00020163 0.00020163
0.00017709 0.00017709
0.00018638 0.00018638
0.00018069 0.00018069
0.00019467 0.00019467
0.00019148 0.00019148
0.00019249 0.00019249
0.00019088 0.00019088
0.00018861 0.00018861
0.00018528 0.00018528
0.00017188 0.00017188
0.00017642 0.00017642
0.00019293 0.00019293
0.00019233 0.00019233
0.00019363 0.00019363
0.00018915 0.00018915
0.00019768 0.00019768
0.00019558 0.00019558
0.00020676 0.00020676
0.00019291 0.00019291
0.00019503 0.00019502
0.00018409 0.00018409
0.00018012 0.00018012
0.00017966 0.00017966
0.00018576 0.00018576
0.00019102 0.00019102
0.00023768 0.00023768
0.00017530 0.00017530
0.00019133 0.00019133
0.00018159 0.00018159
0.00018383 0.00018383
0.00019424 0.00019424
