71.41399384 71.41394806
71.44104004 71.44126129
71.47412872 71.47415924
71.50019836 71.50030518
71.52580261 71.52583313
71.55121613 71.55122375
71.57792664 71.57787323
71.61029816 71.61039734
71.64806366 71.64820862
71.69336700 71.69323730
71.74954224 71.74956512
71.81349182 71.81346130
71.88505554 71.88506317
71.96160889 71.96167755
72.04027557 72.04027557
72.12074280 72.12079620
72.20381927 72.20391083
72.28621674 72.28614807
72.36679077 72.36678314
72.45152283 72.45150757
72.53987122 72.53980255
72.62532806 72.62527466
72.71456909 72.71459198
72.80787659 72.80777740
72.90174866 72.90179443
72.99666595 72.99666595
73.09235382 73.09239960
73.18878174 73.18875122
73.28868866 73.28874207
73.38724518 73.38721466
73.48444366 73.48433685
73.57998657 73.58004761
73.67391205 73.67388916
73.76948547 73.76956177
73.86151886 73.86153412
73.95269012 73.95269012
74.03785706 74.03771973
74.11252594 74.11240387
74.18862152 74.18861389
74.25338745 74.25343323
74.31574249 74.31566620
74.37885284 74.37886047
74.43540955 74.43541718
74.48382568 74.48383331
74.52584839 74.52590942
74.56265259 74.56279755
74.60092926 74.60082245
74.63063049 74.63068390
74.65942383 74.65948486
74.68551636 74.68549347
74.70818329 74.70819855
74.72284698 74.72286987
74.74015808 74.74017334
74.75823975 74.75814819
74.77286530 74.77296448
74.78660583 74.78649139
74.79738617 74.79744720
74.80832672 74.80834961
74.81630707 74.81629181
74.82386780 74.82398987
74.83152771 74.83150482
74.83809662 74.83809662
74.83429718 74.83433533
74.83993530 74.83994293
74.84475708 74.84470367
74.85422516 74.85424042
74.86299896 74.86296082
74.86873627 74.86874390
74.87425995 74.87421417
74.88421631 74.88414001
74.89257812 74.89243317
74.90285492 74.90276337
74.91233063 74.91230011
74.91967010 74.91958618
74.93074799 74.93073273
74.93617249 74.93617249
74.94247437 74.94232178
74.95318604 74.95312500
74.96101379 74.96099091
74.96337891 74.96331024
74.96594238 74.96604919
74.97625732 74.97649384
74.98350525 74.98341370
74.98949432 74.98950958
74.99736023 74.99729919
75.00347137 75.00354004
75.01202393 75.01197815
75.01941681 75.01940918
75.02817535 75.02816010
75.03854370 75.03858948
75.04485321 75.04484558
75.05597687 75.05599213
75.06394958 75.06403351
75.07420349 75.07418823
75.08294678 75.08289337
75.09215546 75.09214020
75.09869385 75.09863281
75.10843658 75.10848236
75.11853790 75.11842346
75.12644958 75.12631226
75.13705444 75.13682556
75.14454651 75.14447784
75.15695190 75.15696716
75.16738129 75.16732788
75.17524719 75.17529297
75.18385315 75.18376160
75.19401550 75.19396210
75.20334625 75.20332336
75.21445465 75.21442413
75.22391510 75.22377777
75.23445129 75.23439026
75.24482727 75.24474335
75.25682831 75.25681305
75.26522827 75.26513672
75.27599335 75.27597809
75.28867340 75.28871918
75.29981995 75.29979706
75.31012726 75.31001282
75.31964874 75.31963348
75.33020782 75.33029938
75.34469604 75.34455872
75.35513306 75.35511017
75.36560059 75.36544800
75.37760162 75.37767792
75.38938904 75.38929749
75.40292358 75.40290833
75.41660309 75.41650391
75.42907715 75.42908478
75.44094086 75.44092560
75.45230865 75.45233917
75.46831512 75.46825409
75.48190308 75.48181152
75.49434662 75.49433136
75.50825500 75.50829315
75.52362061 75.52367401
75.53746033 75.53747559
75.55173492 75.55178833
75.56660461 75.56671143
75.58180237 75.58177948
75.59783936 75.59790039
75.61376190 75.61361694
75.62582397 75.62581635
75.64149475 75.64141083
75.65788269 75.65795135
75.67029572 75.67029572
75.68762970 75.68762207
75.70394135 75.70404053
75.71856689 75.71867371
75.73438263 75.73442078
75.74868774 75.74864960
75.76571655 75.76583099
75.78412628 75.78411102
75.80101013 75.80101776
75.81812286 75.81818390
75.83377075 75.83361053
75.84960175 75.84954834
75.86608887 75.86589813
75.88457489 75.88455200
75.90124512 75.90106201
75.91910553 75.91905975
75.93424988 75.93418121
75.95153809 75.95158386
75.96996307 75.96993256
75.98925018 75.98913574
76.00646210 76.00640106
76.02284241 76.02283478
76.04367065 76.04367828
76.06097412 76.06106567
76.08020782 76.08015442
76.09977722 76.09963989
76.11830139 76.11811829
76.13974762 76.13974762
76.15777588 76.15767670
76.17491150 76.17478943
76.19404602 76.19390869
76.21321869 76.21317291
76.23073578 76.23093414
76.24862671 76.24863434
76.26573944 76.26581573
76.28249359 76.28232574
76.30101013 76.30083466
76.32055664 76.32046509
76.33999634 76.33998108
76.35950470 76.35942841
76.37995911 76.37997437
76.40084076 76.40089417
76.42062378 76.42064667
76.44030762 76.44025421
76.46117401 76.46130371
76.48072815 76.48069000
76.50225830 76.50223541
76.52210236 76.52218628
76.54281616 76.54273987
76.56130219 76.56127930
76.58264923 76.58262634
76.60323334 76.60304260
76.62375641 76.62372589
76.64539337 76.64521027
76.66548157 76.66548920
76.68450928 76.68450928
76.70846558 76.70845032
76.72924805 76.72928619
76.74939728 76.74933624
76.76959991 76.76956940
76.79106140 76.79103088
76.81095123 76.81089783
76.83357239 76.83339691
76.85406494 76.85393524
76.87493134 76.87484741
76.89596558 76.89593506
76.91677094 76.91664124
76.93981171 76.93974304
76.96266174 76.96273804
76.98145294 76.98142242
77.00360107 77.00344086
77.02542877 77.02547455
77.04606628 77.04605103
77.07018280 77.07015991
77.09210205 77.09204865
77.11392212 77.11382294
77.13636017 77.13631439
77.16069794 77.16062164
77.18234253 77.18225861
77.20378876 77.20382690
77.22505188 77.22502899
77.24505615 77.24510956
77.26504517 77.26503754
77.28871918 77.28866577
77.31101227 77.31087494
77.33359528 77.33359528
77.35619354 77.35619354
77.37920380 77.37923431
77.40433502 77.40430450
77.42606354 77.42599487
77.44938660 77.44930267
77.47217560 77.47217560
77.49721527 77.49716187
77.51990509 77.51995850
77.54435730 77.54421997
77.56649017 77.56651306
77.59069824 77.59062958
77.61483765 77.61476135
77.63640594 77.63620758
77.66033936 77.66028595
77.68301392 77.68291473
77.70819092 77.70816040
77.72914886 77.72901917
77.75142670 77.75140381
77.77444458 77.77445984
77.79971313 77.79961395
77.82211304 77.82197571
77.84794617 77.84786224
77.87162781 77.87157440
77.89328766 77.89313507
77.91648865 77.91654205
77.94087982 77.94084167
77.96472931 77.96473694
77.98897552 77.98900604
78.01350403 78.01345825
78.03762054 78.03750610
78.06042480 78.06034088
78.08638763 78.08621979
78.10980225 78.10988617
78.13480377 78.13465881
78.15958405 78.15942383
78.18408966 78.18405151
78.21003723 78.20995331
78.23383331 78.23383331
78.26000214 78.25994873
78.28160858 78.28162384
78.30523682 78.30518341
78.32915497 78.32896423
78.35156250 78.35154724
78.37661743 78.37650299
78.39852142 78.39836884
78.42253113 78.42257690
78.44397736 78.44384766
78.47018433 78.47020721
78.49486542 78.49472809
78.51998138 78.51998901
78.54524231 78.54518890
78.56946564 78.56939697
78.59291077 78.59274292
78.61875153 78.61868286
78.64415741 78.64402008
78.67047119 78.67028809
78.69367218 78.69366455
78.71652985 78.71642303
78.74386597 78.74378967
78.76557922 78.76544952
78.79212189 78.79203796
78.81742859 78.81735992
78.84277344 78.84281158
78.86531830 78.86521149
78.89216614 78.89201355
78.91746521 78.91746521
78.94145966 78.94139862
78.96492004 78.96492004
78.99329376 78.99333191
79.01618195 79.01616669
79.04063416 79.04065704
79.06542206 79.06539154
79.09133148 79.09130096
79.11684418 79.11676025
79.14311981 79.14295197
79.16918182 79.16924286
79.19585419 79.19583893
79.21927643 79.21929169
79.24337769 79.24336243
79.27092743 79.27086639
79.29499817 79.29507446
79.32142639 79.32139587
79.34620667 79.34612274
79.36955261 79.36968231
79.39656830 79.39648438
79.42272186 79.42267609
79.44931030 79.44927979
79.47622681 79.47622681
79.49903870 79.49900055
79.52496338 79.52484894
79.55027771 79.55031586
79.57404327 79.57399750
79.59921265 79.59902191
79.62322998 79.62318420
79.64891052 79.64891052
79.67621613 79.67605591
79.69953918 79.69944000
79.72357941 79.72347260
79.75298309 79.75299072
79.77811432 79.77809906
79.80482483 79.80473328
79.83103180 79.83106995
79.85688782 79.85684204
79.88257599 79.88256836
79.90703583 79.90703583
79.93399048 79.93403625
79.96027374 79.96032715
79.98749542 79.98744202
80.01373291 80.01363373
80.03746033 80.03744507
80.06364441 80.06372070
80.08856201 80.08859253
80.11595154 80.11598969
80.14392090 80.14380646
80.17068481 80.17057037
80.19585419 80.19586945
80.22229004 80.22235107
80.24952698 80.24955750
80.27410889 80.27402496
80.30002594 80.30000305
80.32783508 80.32774353
80.35344696 80.35332489
80.37957764 80.37953949
80.40515137 80.40510559
80.43204498 80.43199158
80.45845032 80.45851898
80.48530579 80.48520660
80.51296997 80.51287079
80.54165649 80.54157257
80.56827545 80.56820679
80.59494019 80.59490967
80.62331390 80.62332153
80.64923859 80.64919281
80.67578888 80.67568207
80.70272064 80.70269775
80.73040009 80.73041534
80.75860596 80.75858307
80.78305817 80.78310394
80.80942535 80.80947113
80.83831787 80.83834076
80.86396790 80.86407471
80.89093018 80.89089966
80.91876221 80.91870880
80.94353485 80.94347382
80.96810150 80.96829224
80.99610901 80.99622345
81.01950073 81.01969147
81.04697418 81.04688263
81.07427216 81.07417297
81.10227203 81.10228729
81.12826538 81.12835693
81.15570831 81.15570831
81.18147278 81.18144226
81.20696259 81.20702362
81.23255920 81.23252869
81.25811005 81.25804901
81.28437042 81.28429413
81.31092834 81.31095886
81.33607483 81.33612061
81.36433411 81.36425018
81.39248657 81.39245605
81.41689301 81.41685486
81.44647217 81.44651031
81.47379303 81.47378540
81.50000000 81.49993134
81.53018951 81.53015137
81.55663300 81.55655670
81.58309174 81.58306122
81.60828400 81.60826111
81.63626099 81.63626099
81.66053009 81.66042328
81.68927765 81.68928528
81.71632385 81.71635437
81.74251556 81.74244690
81.77212524 81.77214813
81.79965210 81.79975891
81.82870483 81.82868958
81.85559845 81.85554504
81.88390350 81.88382721
81.91117096 81.91115570
81.93942261 81.93936920
81.96627808 81.96627808
81.98999786 81.98992157
82.01848602 82.01844788
82.04631042 82.04629517
82.07176208 82.07170868
82.09967041 82.09960938
82.12726593 82.12723541
82.15319061 82.15316010
82.18329620 82.18332672
82.20778656 82.20783997
82.23650360 82.23652649
82.26615143 82.26618958
82.29415894 82.29421997
82.32179260 82.32170868
82.34947205 82.34961700
82.37533569 82.37511444
82.40438843 82.40444183
82.43225098 82.43229675
82.45934296 82.45928955
82.48719025 82.48727417
82.51210022 82.51205444
82.54006958 82.54013824
82.56690979 82.56692505
82.59456635 82.59464264
82.62165833 82.62167358
82.64793396 82.64791870
82.67837524 82.67835999
82.70109558 82.70112610
82.73035431 82.73034668
82.75506592 82.75504303
82.78662109 82.78659821
82.81267548 82.81272125
82.84317017 82.84319305
82.86808777 82.86812592
82.89553070 82.89547729
82.92048645 82.92044067
82.95348358 82.95346069
82.97928619 82.97931671
83.00737000 83.00743866
83.03480530 83.03479767
83.06040192 83.06044006
83.09007263 83.09017181
83.11901855 83.11908722
83.14763641 83.14772034
83.17369080 83.17375183
83.20326233 83.20345306
83.23126221 83.23120880
83.25762177 83.25759888
83.28533173 83.28529358
83.31094360 83.31105042
83.34174347 83.34185791
83.37039185 83.37039185
83.39549255 83.39549255
83.42522430 83.42521667
83.45139313 83.45144653
83.48124695 83.48130798
83.51039886 83.51042938
83.53559875 83.53570557
83.56391144 83.56394196
83.59299469 83.59313965
83.62174225 83.62176514
83.65183258 83.65190125
83.67922974 83.67918396
83.70430756 83.70442963
83.73397827 83.73407745
83.76148224 83.76139069
83.79333496 83.79324341
83.82352448 83.82350922
83.84922028 83.84928894
83.87788391 83.87790680
83.90554810 83.90559387
83.93544769 83.93549347
83.96351624 83.96347809
83.99453735 83.99461365
84.02098846 84.02101135
84.04903412 84.04907227
84.07815552 84.07804108
84.10583496 84.10577393
84.13507843 84.13507843
84.16260529 84.16248322
84.19147491 84.19145966
84.21965790 84.21970367
84.24909210 84.24906158
84.28129578 84.28128815
84.31251526 84.31256104
84.33966827 84.33972168
84.37081909 84.37079620
84.39658356 84.39653015
84.42262268 84.42251587
84.45623779 84.45619965
84.48493195 84.48488617
84.51407623 84.51403809
84.54318237 84.54306030
84.57313538 84.57309723
84.60243988 84.60239410
84.63126373 84.63117218
84.65984344 84.65982819
84.68730927 84.68737030
84.71817017 84.71820068
84.74678040 84.74689484
84.77999878 84.77993774
84.80658722 84.80658722
84.83667755 84.83674622
84.86853790 84.86850739
84.89425659 84.89431000
84.92285919 84.92281342
84.95049286 84.95046997
84.97875214 84.97880554
85.00860596 85.00863647
85.03855896 85.03858185
85.06890869 85.06898499
85.09792328 85.09791565
85.12706757 85.12710571
85.15640259 85.15639496
85.18840790 85.18838501
85.21758270 85.21752167
85.25092316 85.25082397
85.28067780 85.28070068
85.31233978 85.31241608
85.34262085 85.34256744
85.37435150 85.37432861
85.40245819 85.40245056
85.43148804 85.43153381
85.46373749 85.46379089
85.49562073 85.49563599
85.52130890 85.52132416
85.55108643 85.55116272
85.58326721 85.58329010
85.61298370 85.61303711
85.64237213 85.64234924
85.67298126 85.67295074
85.70583344 85.70587158
85.73392487 85.73388672
85.76299286 85.76306152
85.79242706 85.79238129
85.82254028 85.82254791
85.85210419 85.85210419
85.88246155 85.88258362
85.91319275 85.91326141
85.94349670 85.94353485
85.97502136 85.97505951
86.00279999 86.00289917
86.03308868 86.03315735
86.06337738 86.06341553
86.09576416 86.09590149
86.12551880 86.12557983
86.15339661 86.15345001
86.18547058 86.18540955
86.21791077 86.21790314
86.24556732 86.24555969
86.27494049 86.27503967
86.30905914 86.30905151
86.33872986 86.33878326
86.36916351 86.36927032
86.39986420 86.39987183
86.43173981 86.43174744
86.46105194 86.46112823
86.49110413 86.49112701
86.52189636 86.52199554
86.55393219 86.55389404
86.58025360 86.58028412
86.61272430 86.61283112
86.63848114 86.63842773
86.67327118 86.67329407
86.70326996 86.70333099
86.73706055 86.73709106
86.76844025 86.76847076
86.79907990 86.79922485
86.82920837 86.82913208
86.86384583 86.86377716
86.89611053 86.89608765
86.92765045 86.92758942
86.95827484 86.95833588
86.99302673 86.99298859
87.02064514 87.02062225
87.05428314 87.05428314
87.08437347 87.08435822
87.11481476 87.11477661
87.14900208 87.14910126
87.17924500 87.17928314
87.21013641 87.21009827
87.23821259 87.23830414
87.26897430 87.26899719
87.30065155 87.30068207
87.33148193 87.33145142
87.36162567 87.36166382
87.39168549 87.39179230
87.42131805 87.42134094
87.45454407 87.45467377
87.48197174 87.48213196
87.51550293 87.51553345
87.54707336 87.54717255
87.57674408 87.57691193
87.60956573 87.60958862
87.63988495 87.63985443
87.67589569 87.67597961
87.70552063 87.70550537
87.73368835 87.73359680
87.76711273 87.76709747
87.79995728 87.80004120
87.83014679 87.83023834
87.86122131 87.86132050
87.89530945 87.89531708
87.92713165 87.92727661
87.95663452 87.95671082
87.98804474 87.98806763
88.01799011 88.01794434
88.05101776 88.05103302
88.08094025 88.08104706
88.11071014 88.11077881
88.14341736 88.14337158
88.17541504 88.17538452
88.20761871 88.20758057
88.23892975 88.23895264
88.27208710 88.27204132
88.30589294 88.30590057
88.33679962 88.33679962
88.37003326 88.36998749
88.40049744 88.40046692
88.43195343 88.43176270
88.46404266 88.46411896
88.49574280 88.49564362
88.53028870 88.53034210
88.55856323 88.55853271
88.59288788 88.59282684
88.62522125 88.62523651
88.65548706 88.65546417
88.68756866 88.68753052
88.71927643 88.71921539
88.75238037 88.75233459
88.78493500 88.78477478
88.81629181 88.81619263
88.84988403 88.84983826
88.88281250 88.88279724
88.91468811 88.91460419
88.94530487 88.94533539
88.97462463 88.97467804
89.00807190 89.00809479
89.04292297 89.04289246
89.07559967 89.07560730
89.10871887 89.10863495
89.13932800 89.13932800
89.17015076 89.17017365
89.20294189 89.20297241
89.23600769 89.23604584
89.27072906 89.27082062
89.30405426 89.30402374
89.33947754 89.33957672
89.37236023 89.37242889
89.40255737 89.40273285
89.43924713 89.43922424
89.47141266 89.47139740
89.50420380 89.50421143
89.53784180 89.53792572
89.56963348 89.56950378
89.60369873 89.60367584
89.63384247 89.63372803
89.66572571 89.66573334
89.69734955 89.69737244
89.73406219 89.73397827
89.76023102 89.76016235
89.79708099 89.79709625
89.82710266 89.82707977
89.85914612 89.85922241
89.88999939 89.88991547
89.92566681 89.92567444
89.95365906 89.95363617
89.98934937 89.98921204
90.02084351 90.02090454
90.05476379 90.05474091
90.08747101 90.08740234
90.12172699 90.12174988
90.15072632 90.15078735
90.18321991 90.18325806
90.21688080 90.21686554
90.25365448 90.25382996
90.28248596 90.28261566
90.31443024 90.31441498
90.34911346 90.34914398
90.38370514 90.38386536
90.41812897 90.41808319
90.45172882 90.45187378
90.48745728 90.48751068
90.52114868 90.52111816
90.55397034 90.55400848
90.58557129 90.58558655
90.62223816 90.62231445
90.66271210 90.66275787
90.68933105 90.68932343
90.72412872 90.72409058
90.75964355 90.75965118
90.78722382 90.78726196
90.82429504 90.82427216
90.86081696 90.86083984
90.89501953 90.89500427
90.92860413 90.92866516
90.96350861 90.96356201
90.99132538 90.99127197
91.02916718 91.02922821
91.06345367 91.06345367
91.09442902 91.09444427
91.12828827 91.12830353
91.16228485 91.16226196
91.19405365 91.19400787
91.22907257 91.22901917
91.26206207 91.26208496
91.29475403 91.29476166
91.33160400 91.33177948
91.36704254 91.36691284
91.39855957 91.39852142
91.43170166 91.43161774
91.46589661 91.46586609
91.49780273 91.49775696
91.53109741 91.53115082
91.56530762 91.56529236
91.59864044 91.59861755
91.63291931 91.63297272
91.66584778 91.66591644
91.69912720 91.69918060
91.73573303 91.73567963
91.77355957 91.77347565
91.80513763 91.80513763
91.83780670 91.83787537
91.87393951 91.87391663
91.91276550 91.91278076
91.94055939 91.94065094
91.97835541 91.97830200
92.00790405 92.00783539
92.04435730 92.04435730
92.08113861 92.08110046
92.11704254 92.11705780
92.14850616 92.14852142
92.18239594 92.18243408
92.21775818 92.21778107
92.25248718 92.25249481
92.28372955 92.28358459
92.31642151 92.31632996
92.34963226 92.34956360
92.38840485 92.38856506
92.42250061 92.42240143
92.45932770 92.45934296
92.49454498 92.49452209
92.52572632 92.52571106
92.56220245 92.56216431
92.59484863 92.59486389
92.63004303 92.63002777
92.66278076 92.66278076
92.70065308 92.70056152
92.73634338 92.73632050
92.77079773 92.77081299
92.80616760 92.80606079
92.84012604 92.84020233
92.87352753 92.87361908
92.91088867 92.91091156
92.94200897 92.94206238
92.97875214 92.97890472
93.01123047 93.01128387
93.04846954 93.04840851
93.07909393 93.07907104
93.11250305 93.11248016
93.14906311 93.14898682
93.18770599 93.18767548
93.22404480 93.22396851
93.25772095 93.25775909
93.29235077 93.29235840
93.32898712 93.32910919
93.36365509 93.36359406
93.39697266 93.39675903
93.43109131 93.43094635
93.46299744 93.46293640
93.50422668 93.50432587
93.53414154 93.53409576
93.57240295 93.57234192
93.60662079 93.60657501
93.64069366 93.64058685
93.67426300 93.67421722
93.70928955 93.70928955
93.74524689 93.74522400
93.77839661 93.77832031
93.82151794 93.82140350
93.85320282 93.85327911
93.88917542 93.88912964
93.92259216 93.92263031
93.95445251 93.95461273
93.99188232 93.99191284
94.02233124 94.02237701
94.05632019 94.05637360
94.09108734 94.09104919
94.12957001 94.12957001
94.16007996 94.15998077
94.19551849 94.19551086
94.23050690 94.23049927
94.26478577 94.26479340
94.29660797 94.29661560
94.33415222 94.33431244
94.36611176 94.36606598
94.40557098 94.40556335
94.43637085 94.43626404
94.47012329 94.47040558
94.50703430 94.50700378
94.54223633 94.54229736
94.57371521 94.57379913
94.61081696 94.61083984
94.64247131 94.64234924
94.67935944 94.67942047
94.71160889 94.71173096
94.75676727 94.75670624
94.78856659 94.78853607
94.82401276 94.82407379
94.86019897 94.86021423
94.89281464 94.89278412
94.92816162 94.92822266
94.97000122 94.96990967
95.00239563 95.00240326
95.04049683 95.04034424
95.07577515 95.07577515
95.11029053 95.11022949
95.14704132 95.14708710
95.17930603 95.17922211
95.21607971 95.21610260
95.25122070 95.25119019
95.28469849 95.28466797
95.32284546 95.32295990
95.35848999 95.35850525
95.39289856 95.39288330
95.42868042 95.42870331
95.46330261 95.46327209
95.49324036 95.49332428
95.53128815 95.53118896
95.57361603 95.57370758
95.60649872 95.60662842
95.64187622 95.64192200
95.67875671 95.67884827
95.71624756 95.71611023
95.74987793 95.74990082
95.78413391 95.78416443
95.82460022 95.82472992
95.85727692 95.85741425
95.89725494 95.89736176
95.93229675 95.93243408
95.97017670 95.97017670
96.00251007 96.00256348
96.04140472 96.04158783
96.07604980 96.07624054
96.11122131 96.11143494
96.14788818 96.14792633
96.18991852 96.19004822
96.22290802 96.22290802
96.26148224 96.26136017
96.29724121 96.29731750
96.33586884 96.33587646
96.37215424 96.37220764
96.40458679 96.40466309
96.44092560 96.44094086
96.47557068 96.47559357
96.51945496 96.51966858
96.55019379 96.55025482
96.58609009 96.58613586
96.62446594 96.62444305
96.65831757 96.65834808
96.69680023 96.69683838
96.72993469 96.72990417
96.76966858 96.76978302
96.80527496 96.80532837
96.84140778 96.84140778
96.87502289 96.87484741
96.91253662 96.91236877
96.95165253 96.95178223
96.99080658 96.99073792
97.02729034 97.02729034
97.06292725 97.06291199
97.09800720 97.09804535
97.13841248 97.13846588
97.17216492 97.17221069
97.21076965 97.21080780
97.24620056 97.24623108
97.28417969 97.28411102
97.32203674 97.32212830
97.35683441 97.35691833
97.39968109 97.39969635
97.43798828 97.43792725
97.47225952 97.47227478
97.51338196 97.51335907
97.54621124 97.54611206
97.58514404 97.58509064
97.62265015 97.62268829
97.65633392 97.65647125
97.69659424 97.69661713
97.72885132 97.72891998
97.76847839 97.76859283
97.80389404 97.80402374
97.84300995 97.84301758
97.87523651 97.87528229
97.91349792 97.91352844
97.95303345 97.95292664
97.99164581 97.99176025
98.02351379 98.02342224
98.06175995 98.06182098
98.09924316 98.09926605
98.13919067 98.13912964
98.17930603 98.17917633
98.21762848 98.21768951
98.24927521 98.24918365
98.28427887 98.28434753
98.31964111 98.31958008
98.36280060 98.36280823
98.40347290 98.40352631
98.43790436 98.43778992
98.47647095 98.47645569
98.51712799 98.51718903
98.55576324 98.55585480
98.59406281 98.59415436
98.63082123 98.63102722
98.66810608 98.66819763
98.70742798 98.70732880
98.74732208 98.74739838
98.78612518 98.78627777
98.82347870 98.82357025
98.85901642 98.85898590
98.90075684 98.90081787
98.93280029 98.93283844
98.97833252 98.97829437
99.01438904 99.01451111
99.05506897 99.05508423
99.09418488 99.09422302
99.12739563 99.12757874
99.16361237 99.16358948
99.20300293 99.20283508
99.24015808 99.24041748
99.27904510 99.27902985
99.32273865 99.32292938
99.35732269 99.35755920
99.39432526 99.39437866
99.43489075 99.43477631
99.47354126 99.47364044
99.51230621 99.51242065
99.55140686 99.55129242
99.58774567 99.58781433
99.62379456 99.62385559
99.66626740 99.66627502
99.70025635 99.70030975
99.74250793 99.74251556
99.78600311 99.78599548
99.82118988 99.82142639
99.85487366 99.85482025
99.89617920 99.89646149
99.93442535 99.93444061
99.97722626 99.97727203
100.01461029 100.01468658
100.05681610 100.05685425
100.09388733 100.09384918
100.13531494 100.13537598
100.17430115 100.17411804
100.21097565 100.21101379
100.25246429 100.25251007
100.29440308 100.29449463
100.32908630 100.32923126
100.36947632 100.36946106
100.40575409 100.40586090
100.45228577 100.45231628
100.48997498 100.49012756
100.52474976 100.52468109
100.56877899 100.56895447
100.60671997 100.60684967
100.64104462 100.64110565
100.68155670 100.68160248
100.72084808 100.72090149
100.76295471 100.76282501
100.80055237 100.80064392
100.83745575 100.83751678
100.87334442 100.87336731
100.91550446 100.91557312
100.96341705 100.96340942
100.99456787 100.99449158
101.03866577 101.03884888
101.08325195 101.08312225
101.11982727 101.11974335
101.15910339 101.15920258
101.20037842 101.20035553
101.23934174 101.23936462
101.27717590 101.27716827
101.31792450 101.31785583
101.35687256 101.35688019
101.39369965 101.39381409
101.43730164 101.43730927
101.47637939 101.47632599
101.51794434 101.51796722
101.55772400 101.55791473
101.60321045 101.60319519
