53.28252411 53.28250122
53.38113403 53.38111877
53.50616455 53.50612259
53.62009811 53.62012100
53.72605515 53.72603989
53.82661819 53.82659149
53.92664337 53.92667389
54.02672577 54.02671432
54.12804413 54.12797165
54.23141861 54.23141861
54.33771133 54.33765411
54.44718552 54.44718552
54.56031036 54.56030655
54.67630005 54.67629623
54.79846191 54.79842758
54.92760849 54.92758942
55.05932236 55.05939865
55.19786835 55.19787216
55.33874512 55.33873367
55.48578262 55.48581696
55.63537598 55.63537598
55.78916550 55.78921127
55.94714737 55.94707489
56.10727692 56.10722351
56.27093887 56.27091217
56.43573380 56.43573380
56.60155869 56.60151672
56.76641464 56.76643753
56.93528748 56.93524170
57.10988617 57.10990143
57.28696060 57.28697586
57.47319031 57.47319031
57.66059494 57.66061020
57.83565903 57.83565140
58.01161575 58.01168442
58.18220139 58.18219757
58.34972763 58.34973526
58.50453186 58.50458145
58.66162872 58.66161728
58.80014420 58.80019760
58.94236374 58.94236374
59.07699966 59.07698822
59.19430161 59.19430923
59.30775070 59.30778122
59.41009903 59.41006851
59.52406693 59.52405930
59.63308716 59.63306808
59.73330688 59.73331833
59.82428741 59.82421112
59.91150665 59.91145706
59.99354553 59.99350357
60.07136154 60.07128143
60.13420105 60.13416290
60.18232727 60.18236160
60.23352432 60.23351669
60.29027939 60.29028702
60.35171890 60.35172653
60.40206909 60.40202713
60.45495605 60.45499039
60.50526810 60.50527573
60.55192184 60.55194855
60.60147476 60.60152817
60.64772034 60.64766312
60.69201279 60.69199753
60.74386597 60.74382782
60.79666138 60.79662323
60.85037613 60.85043335
60.90335464 60.90340805
60.95113754 60.95110321
60.99690247 60.99692154
61.04147339 61.04148102
61.08111572 61.08109665
61.12162399 61.12170029
61.16594315 61.16594696
61.20920563 61.20920181
61.24189758 61.24186707
61.28043365 61.28036880
61.32430649 61.32424164
61.36375809 61.36378098
61.40568161 61.40571594
61.44671249 61.44669724
61.48963165 61.48963547
61.52928925 61.52931213
61.57130051 61.57134628
61.60889053 61.60884857
61.64412308 61.64405441
61.67257690 61.67254257
61.71131134 61.71133804
61.74681854 61.74684525
61.78180313 61.78174591
61.81909180 61.81908417
61.85519028 61.85513306
61.89356995 61.89362717
61.92979431 61.92980194
61.96739578 61.96739960
62.00167847 62.00167465
62.03630066 62.03632355
62.06951523 62.06954193
62.10324478 62.10327911
62.13663101 62.13661575
62.16912079 62.16912460
62.20148849 62.20143509
62.22652817 62.22645950
62.25844574 62.25849915
62.29115295 62.29116821
62.32218170 62.32218552
62.35238647 62.35238266
62.38074875 62.38074112
62.40814972 62.40813065
62.43376160 62.43379593
62.46504211 62.46508789
62.49258423 62.49262619
62.51887131 62.51886368
62.54668045 62.54668045
62.57524872 62.57524872
62.60089493 62.60087204
62.62900925 62.62895584
62.65433502 62.65427017
62.68365097 62.68361664
62.71012878 62.71014786
62.73711014 62.73704529
62.76348877 62.76349258
62.79018402 62.79018784
62.81798553 62.81806946
62.84431076 62.84434509
62.86916351 62.86918640
62.89950943 62.89954376
62.92419815 62.92423630
62.95263290 62.95264053
62.97797775 62.97797012
63.00764465 63.00767899
63.03359985 63.03358078
63.06244278 63.06243134
63.08674240 63.08673859
63.11425400 63.11425781
63.13924408 63.13919830
63.16569901 63.16571045
63.19335556 63.19342041
63.21841431 63.21842575
63.24407578 63.24411774
63.26952362 63.26950073
63.29690552 63.29689026
63.32573318 63.32571411
63.35335541 63.35338211
63.38215637 63.38213730
63.40885925 63.40889359
63.43555832 63.43557358
63.46145630 63.46144485
63.48661804 63.48662567
63.51532745 63.51536179
63.54221344 63.54229736
63.56934738 63.56933212
63.59679413 63.59676361
63.62554932 63.62554169
63.65469742 63.65477371
63.68164444 63.68167496
63.70603943 63.70607376
63.72855377 63.72859573
63.75687790 63.75693893
63.78239059 63.78248596
63.80977631 63.80978775
63.83542633 63.83539963
63.86029434 63.86030960
63.88788223 63.88784790
63.91275787 63.91278458
63.94093323 63.94090652
63.96595764 63.96593857
63.99364471 63.99364471
64.02028656 64.02027130
64.04655457 64.04656982
64.07549286 64.07550812
64.09990692 64.09992981
64.12664032 64.12670135
64.15435791 64.15436554
64.17784882 64.17782593
64.19858551 64.19864655
64.22159576 64.22164154
64.24680328 64.24678802
64.27232361 64.27233887
64.29459381 64.29463196
64.32244873 64.32246399
64.34999847 64.34999084
64.37296295 64.37297821
64.39963531 64.39962006
64.42900848 64.42900085
64.45431519 64.45424652
64.48130035 64.48131561
64.50854492 64.50850677
64.53496552 64.53492737
64.55883026 64.55879974
64.58406830 64.58403015
64.61051941 64.61046600
64.63737488 64.63737488
64.66287231 64.66278076
64.69129944 64.69131470
64.71601868 64.71598053
64.74528503 64.74526215
64.77075958 64.77072906
64.79869080 64.79870605
64.82417297 64.82414246
64.85079956 64.85071564
64.87858582 64.87859344
64.90570068 64.90569305
64.93386841 64.93383026
64.96053314 64.96047974
64.98708344 64.98708344
65.01467896 65.01461029
65.04261017 65.04262543
65.07046509 65.07045746
65.09823608 65.09819031
65.12250519 65.12258148
65.14893341 65.14896393
65.17889404 65.17889404
65.20705414 65.20709229
65.23349762 65.23353577
65.26280212 65.26278687
65.28776550 65.28778839
65.31584167 65.31576538
65.34362793 65.34364319
65.37256622 65.37258148
65.40163422 65.40167999
65.42759705 65.42761993
65.45473480 65.45472717
65.47837067 65.47837067
65.50675201 65.50679016
65.53115845 65.53118134
65.55879211 65.55879974
65.58290100 65.58292389
65.61030579 65.61032867
65.63692474 65.63690186
65.66162872 65.66165161
65.69023132 65.69025421
65.71662140 65.71671295
65.74464417 65.74465179
65.77274323 65.77278900
65.80227661 65.80224609
65.83018494 65.83020020
65.85603333 65.85604858
65.88468170 65.88471985
65.91157532 65.91158295
65.93864441 65.93859863
65.96730804 65.96739197
65.99434662 65.99436951
66.02445221 66.02450562
66.05364227 66.05362701
66.07852173 66.07849884
66.10595703 66.10599518
66.13532257 66.13539886
66.16477966 66.16477966
66.19149017 66.19149780
66.22246552 66.22248840
66.24852753 66.24853516
66.27829742 66.27826691
66.30234528 66.30238342
66.32852936 66.32857513
66.35822296 66.35817719
66.38642120 66.38642883
66.41503143 66.41505432
66.44229889 66.44230652
66.46871185 66.46866608
66.49635315 66.49633789
66.52394867 66.52391052
66.55201721 66.55195618
66.57954407 66.57949829
66.60755920 66.60755157
66.63719177 66.63720703
66.66670227 66.66667175
66.69570923 66.69570923
66.72564697 66.72571564
66.75302124 66.75305176
66.78138733 66.78135681
66.80863190 66.80866241
66.83729553 66.83728790
66.86626434 66.86622620
66.89202881 66.89204407
66.91951752 66.91950226
66.94725037 66.94722748
66.97390747 66.97387695
67.00215912 67.00215912
67.03072357 67.03071594
67.05634308 67.05634308
67.08519745 67.08514404
67.11225128 67.11224365
67.14234924 67.14234924
67.16809845 67.16809082
67.19500732 67.19509125
67.22248840 67.22249603
67.24920654 67.24924469
67.27873993 67.27880096
67.30684662 67.30696106
67.33508301 67.33513641
67.36284637 67.36293030
67.38973236 67.38979340
67.41791534 67.41791534
67.44490814 67.44490051
67.47425842 67.47428894
67.50148010 67.50146484
67.52895355 67.52896118
67.55542755 67.55551910
67.58379364 67.58377075
67.61273956 67.61273956
67.64257812 67.64262390
67.66988373 67.66988373
67.69484711 67.69491577
67.72249603 67.72251892
67.74777985 67.74777985
67.77633667 67.77639771
67.80497742 67.80503845
67.83125305 67.83134460
67.85932922 67.85945129
67.88991547 67.88997650
67.91692352 67.91698456
67.94345856 67.94355011
67.97239685 67.97244263
68.00025940 68.00030518
68.02692413 68.02694702
68.05574036 68.05580139
68.08306885 68.08314514
68.11031342 68.11036682
68.13746643 68.13751221
68.16467285 68.16472626
68.19540405 68.19549561
68.22090149 68.22101593
68.24668884 68.24678040
68.27342987 68.27358246
68.30145264 68.30152130
68.32959747 68.32960510
68.35675049 68.35681152
68.38553619 68.38562775
68.41199493 68.41207886
68.43931580 68.43928528
68.46646118 68.46653748
68.49339294 68.49340820
68.52095795 68.52107239
68.54881287 68.54887390
68.57633972 68.57632446
68.60226440 68.60227966
68.63111877 68.63114166
68.65824890 68.65826416
68.68398285 68.68409729
68.71095276 68.71102142
68.73851776 68.73862457
68.76411438 68.76418304
68.79119873 68.79129791
68.81993866 68.82003021
68.84632111 68.84631348
68.87236023 68.87242889
68.89823151 68.89820099
68.92416382 68.92414856
68.95394897 68.95398712
68.98044586 68.98050690
69.00614929 69.00621796
69.03308868 69.03310394
69.05743408 69.05743408
69.08300018 69.08305359
69.10968781 69.10972595
69.13764954 69.13768768
69.16455841 69.16457367
69.18939972 69.18933868
69.21580505 69.21585083
69.24188995 69.24195099
69.26728821 69.26726532
69.29432678 69.29436493
69.31993866 69.31993103
69.34694672 69.34687805
69.37352753 69.37350464
69.39833069 69.39845276
69.42456055 69.42464447
69.44867706 69.44872284
69.47512817 69.47515869
69.50104523 69.50102997
69.52721405 69.52722931
69.54988861 69.54994202
69.57333374 69.57341003
69.60072327 69.60080719
69.62660980 69.62668610
69.65228271 69.65240479
69.67522430 69.67525482
69.70005035 69.70015717
69.72547150 69.72547150
69.75131989 69.75140381
69.77717590 69.77722168
69.80213165 69.80216980
69.82669067 69.82675171
69.84989929 69.84990692
69.87503052 69.87507629
69.90066528 69.90068054
69.92675781 69.92684937
69.95040894 69.95047760
69.97625732 69.97627258
70.00193787 70.00202179
70.02735138 70.02738190
70.05324554 70.05324554
70.07839966 70.07842255
70.10427094 70.10433960
70.12866974 70.12870789
70.15415955 70.15420532
70.17887115 70.17886353
70.20347595 70.20349884
70.22801208 70.22799683
70.25280762 70.25285339
70.27755737 70.27759552
70.30220032 70.30217743
70.32508850 70.32505798
70.35037994 70.35038757
70.37377930 70.37379456
70.39646149 70.39645386
70.42037201 70.42041016
70.44366455 70.44367218
70.46717834 70.46724701
70.48981476 70.48985291
70.51340485 70.51345825
70.53702545 70.53707123
70.55851746 70.55855560
70.58264923 70.58268738
70.60728455 70.60729980
70.63018799 70.63024139
70.65270996 70.65271759
70.67761993 70.67768860
70.70085144 70.70092010
70.72433472 70.72434235
70.74822235 70.74815369
70.77076721 70.77079773
70.79492188 70.79496002
70.81520844 70.81531525
70.83897400 70.83892059
70.86209869 70.86211395
70.88759613 70.88763428
70.90962982 70.90970612
70.93342590 70.93351746
70.95730591 70.95732880
70.97853851 70.97859955
71.00189972 71.00193787
71.02471924 71.02480316
71.04647827 71.04645538
71.06977081 71.06974792
71.09030914 71.09032440
71.11294556 71.11299896
71.13493347 71.13506317
71.15761566 71.15771484
71.18156433 71.18168640
71.20375061 71.20381165
71.22431946 71.22440338
71.24742889 71.24749756
71.27072906 71.27082062
71.29233551 71.29235840
71.31420898 71.31433105
71.33558655 71.33569336
71.35865021 71.35882568
71.38010406 71.38014221
71.40232086 71.40242767
71.42346954 71.42351532
71.44587708 71.44593048
71.46796417 71.46799469
71.48854065 71.48857117
71.50971222 71.50979614
71.53455353 71.53457642
71.55595398 71.55600739
71.57801819 71.57804108
71.59893799 71.59897614
71.61885071 71.61889648
71.63886261 71.63891602
71.66114044 71.66127014
71.68120575 71.68128204
71.69995117 71.70002747
71.72428131 71.72428131
71.74458313 71.74463654
71.76440430 71.76441956
71.78516388 71.78518677
71.80728149 71.80737305
71.82990265 71.82994843
71.85130310 71.85137177
71.87127686 71.87131500
71.89257050 71.89271545
71.91355896 71.91361237
71.93602753 71.93611908
71.95763397 71.95764923
71.97824860 71.97830963
71.99843597 71.99836731
72.01874542 72.01874542
72.04012299 72.04013824
72.06101990 72.06106567
72.08106995 72.08110809
72.10327911 72.10324097
72.12359619 72.12364197
72.14466858 72.14470673
72.16481018 72.16479492
72.18544006 72.18553162
72.20574951 72.20581818
72.22598267 72.22600555
72.24649811 72.24657440
72.26709747 72.26723480
72.28691864 72.28696442
72.30762482 72.30767059
72.32869720 72.32884216
72.34677887 72.34683228
72.36917114 72.36920929
72.38848114 72.38851166
72.40926361 72.40923309
72.42980194 72.42987061
72.44915771 72.44919586
72.47000885 72.47003174
72.49279022 72.49279785
72.51180267 72.51181793
72.53278351 72.53281403
72.55014801 72.55020142
72.57096100 72.57099915
72.59046936 72.59046936
72.61128235 72.61130524
72.63120270 72.63121033
72.65124512 72.65121460
72.66996002 72.66989899
72.69065857 72.69070435
72.70953369 72.70960999
72.72837067 72.72834015
72.74879456 72.74887085
72.76719666 72.76727295
72.78575897 72.78584290
72.80385590 72.80386353
72.82342529 72.82343292
72.84506226 72.84513855
72.86357880 72.86360931
72.88426208 72.88432312
72.90322113 72.90315247
72.92011261 72.92010498
72.93993378 72.94001007
72.95917511 72.95920563
72.98019409 72.98017120
72.99993134 72.99997711
73.01868439 73.01874542
73.03855133 73.03863525
73.05659485 73.05650330
73.07418060 73.07426453
73.09355927 73.09361267
73.11146545 73.11144257
73.13144684 73.13140106
73.15182495 73.15180969
73.17054749 73.17057800
73.19152832 73.19149780
73.20939636 73.20931244
73.23049164 73.23049927
73.25215912 73.25215149
73.26990509 73.26986694
73.28842926 73.28849030
73.30838776 73.30836487
73.32711792 73.32714081
73.34752655 73.34757233
73.36736298 73.36735535
73.38935089 73.38938141
73.40830231 73.40832520
73.42633820 73.42632294
73.44529724 73.44523621
73.46248627 73.46252441
73.48124695 73.48124695
73.50218964 73.50227356
73.51928711 73.51927185
73.53493500 73.53485870
73.55380249 73.55377960
73.57086182 73.57084656
73.58892822 73.58898163
73.60768890 73.60768127
73.62517548 73.62519836
73.64611816 73.64609528
73.66572571 73.66571045
73.68231964 73.68235779
73.70071411 73.70073700
73.71963501 73.71965790
73.74026489 73.74028015
73.75699615 73.75698853
73.77522278 73.77524567
73.79404449 73.79407501
73.81300354 73.81313324
73.83187103 73.83189392
73.85070801 73.85076904
73.87073517 73.87076569
73.88895416 73.88900757
73.90924835 73.90930176
73.92637634 73.92642212
73.94384766 73.94398499
73.96166229 73.96168518
73.98089600 73.98091125
74.00017548 74.00029755
74.01886749 74.01889801
74.03693390 74.03703308
74.05569458 74.05564880
74.07376099 74.07382965
74.09224701 74.09230804
74.11038971 74.11039734
74.12934875 74.12936401
74.14785767 74.14781189
74.16588593 74.16597748
74.18395996 74.18399811
74.20143127 74.20150757
74.22027588 74.22033691
74.23915100 74.23919678
74.25844574 74.25855255
74.27801514 74.27804565
74.29745483 74.29752350
74.31421661 74.31429291
74.33338165 74.33340454
74.35012817 74.35021210
74.36976624 74.36981964
74.38677979 74.38684082
74.40553284 74.40560913
74.42358398 74.42367554
74.44298553 74.44309235
74.46051788 74.46056366
74.48016357 74.48018646
74.49841309 74.49839783
74.51719666 74.51725006
74.53681946 74.53683472
74.55493927 74.55506897
74.57209015 74.57216644
74.59146118 74.59153748
74.60818481 74.60829926
74.62650299 74.62657928
74.64608765 74.64620209
74.66414642 74.66422272
74.68100739 74.68103027
74.69837952 74.69847870
74.71353149 74.71360016
74.73023224 74.73025513
74.74729156 74.74732971
74.76695251 74.76698303
74.78446960 74.78456879
74.80260468 74.80271912
74.81860352 74.81877136
74.83612061 74.83618927
74.85381317 74.85382843
74.86930847 74.86932373
74.88841248 74.88846588
74.90447998 74.90453339
74.92196655 74.92194366
74.93897247 74.93893433
74.95645142 74.95656586
74.97208405 74.97215271
74.98962402 74.98970032
75.00683594 75.00687408
75.02577209 75.02576447
75.04219055 75.04224396
75.06003571 75.06002808
75.07694244 75.07701111
75.09521484 75.09523010
75.11278534 75.11282349
75.12925720 75.12932587
75.14439392 75.14448547
75.16263580 75.16265869
75.17836761 75.17836761
75.19614410 75.19612885
75.21386719 75.21391296
75.23213959 75.23221588
75.24928284 75.24933624
75.26590729 75.26593018
75.28134155 75.28137970
75.29787445 75.29794312
75.31272888 75.31285095
75.33023071 75.33030701
75.34696960 75.34704590
75.36306000 75.36308289
75.37963104 75.37971497
75.39788818 75.39794922
75.41453552 75.41447449
75.43102264 75.43107605
75.44567108 75.44567871
75.46276855 75.46282196
75.47972107 75.47971344
75.49668884 75.49677277
75.51372528 75.51370239
75.52894592 75.52889252
75.54709625 75.54715729
75.56256866 75.56256866
75.58121490 75.58126831
75.59937286 75.59938049
75.61689758 75.61692047
75.63484192 75.63491058
75.65312195 75.65312195
75.66844940 75.66849518
75.68497467 75.68494415
75.70178223 75.70182037
75.71836090 75.71839142
75.73592377 75.73597717
75.75371552 75.75375366
75.77006531 75.77011108
75.78610992 75.78607178
75.80346680 75.80349731
75.82063293 75.82064056
75.83708191 75.83712769
75.85455322 75.85447693
75.86984253 75.86991882
75.88608551 75.88609314
75.90416718 75.90424347
75.91893768 75.91895294
75.93391418 75.93395996
75.95037079 75.95036316
75.96752930 75.96760559
75.98324585 75.98329926
75.99772644 75.99781036
76.01166534 76.01169586
76.02729034 76.02730560
76.04350281 76.04354858
76.05894470 76.05895233
76.07480621 76.07485199
76.09316254 76.09327698
76.11120605 76.11122894
76.12677765 76.12678528
76.14260101 76.14260101
76.16061401 76.16066742
76.17807007 76.17807007
76.19336700 76.19338989
76.21113586 76.21120453
76.22727966 76.22734070
76.24277496 76.24275970
76.25722504 76.25730896
76.27378082 76.27387238
76.29012299 76.29016876
76.30445862 76.30445099
76.31948853 76.31951904
76.33676910 76.33677673
76.35329437 76.35335541
76.36819458 76.36825562
76.38463593 76.38468170
76.40000916 76.40007782
76.41275024 76.41282654
76.42611694 76.42617798
76.44164276 76.44172668
76.45827484 76.45828247
76.47483826 76.47489166
76.49185944 76.49191284
76.50376892 76.50382233
76.51987457 76.51986694
76.53614044 76.53623962
76.55257416 76.55264282
76.56965637 76.56971741
76.58419800 76.58428955
76.59836578 76.59841156
76.61514282 76.61524200
76.62980652 76.62990570
76.64653015 76.64655304
76.66286469 76.66289520
76.67794800 76.67799377
76.69447327 76.69458771
76.70892334 76.70901489
76.72568512 76.72582245
76.74274445 76.74279785
76.75904083 76.75909424
76.77397919 76.77397919
76.78813934 76.78811646
76.80290222 76.80287170
76.81752777 76.81754303
76.83258820 76.83268738
76.84982300 76.84991455
76.86509705 76.86515808
76.88462830 76.88465881
76.89762115 76.89765930
76.91373444 76.91388702
76.92708588 76.92707825
76.94254303 76.94261932
76.95767212 76.95771790
76.97348022 76.97348785
76.98807526 76.98808289
77.00318909 77.00321198
77.01657867 77.01660919
77.03208923 77.03208160
77.04541016 77.04549408
77.06100464 77.06101227
77.07534790 77.07544708
77.09121704 77.09123993
77.10615540 77.10614014
77.12148285 77.12155914
77.13626099 77.13636017
77.15316772 77.15315247
77.16682434 77.16680145
77.18161011 77.18161774
77.19646454 77.19645691
77.20982361 77.20989227
77.22667694 77.22678375
77.24194336 77.24198914
77.25627899 77.25627899
77.27008820 77.27011108
77.28387451 77.28390503
77.29860687 77.29868317
77.31367493 77.31372833
77.33005524 77.33016205
77.34598541 77.34593964
77.36109161 77.36108398
77.37650299 77.37653351
77.39144135 77.39144135
77.40575409 77.40570068
77.42034912 77.42034149
77.43467712 77.43473816
77.44985962 77.44990540
77.46383667 77.46387482
77.47674561 77.47677612
77.48995972 77.48991394
77.50433350 77.50437164
77.51725769 77.51729584
77.53083038 77.53084564
77.54556274 77.54557037
77.55938721 77.55941772
77.57379913 77.57370758
77.58786011 77.58787537
77.60268402 77.60274506
77.61888885 77.61891174
77.63510132 77.63513947
77.64712524 77.64714813
77.66253662 77.66252136
77.67807770 77.67801666
77.69094086 77.69094086
77.70534515 77.70521545
77.72179413 77.72180939
77.73635101 77.73631287
77.74937439 77.74938202
77.76383972 77.76389313
77.77648926 77.77655792
77.79122162 77.79120636
77.80461884 77.80455017
77.81962585 77.81964111
77.83529663 77.83524323
77.84940338 77.84941864
77.86300659 77.86297607
77.87758636 77.87756348
77.89068604 77.89067841
77.90359497 77.90370178
77.91709900 77.91712952
77.92919159 77.92926788
77.94315338 77.94316101
77.95574951 77.95573425
77.96852112 77.96851349
77.98423767 77.98419189
77.99842072 77.99845123
78.01213837 78.01216888
78.02549744 78.02548218
78.03906250 78.03914642
78.05194092 78.05184174
78.06693268 78.06696320
78.07939911 78.07936859
78.09162140 78.09158325
78.10378265 78.10381317
78.11977386 78.11975861
78.13323975 78.13334656
78.14527893 78.14527130
78.15833282 78.15838623
78.17179871 78.17180634
78.18498993 78.18492889
78.19783783 78.19782257
78.21188354 78.21195984
78.22653961 78.22660828
78.23926544 78.23926544
78.25476837 78.25475311
78.26874542 78.26879883
78.28228760 78.28226471
78.29627991 78.29627228
78.30780792 78.30779266
78.32216644 78.32223511
78.33619690 78.33621979
78.34922791 78.34924316
78.36080170 78.36080170
78.37449646 78.37449646
78.38729858 78.38729858
78.40179443 78.40178680
78.41416168 78.41417694
78.42694855 78.42697906
78.43888855 78.43898010
78.45227051 78.45227051
78.46575928 78.46578217
78.47761536 78.47766876
78.49117279 78.49121094
78.50392914 78.50403595
78.51996613 78.51997375
78.53227234 78.53231812
78.54427338 78.54428101
78.55619812 78.55623627
78.56881714 78.56876373
78.58476257 78.58467102
78.59788513 78.59799194
78.61009979 78.61007690
78.62397003 78.62406158
78.63616180 78.63616180
78.65014648 78.65016937
78.66237640 78.66246033
78.67766571 78.67771149
78.69070435 78.69065857
78.70230103 78.70229340
78.71355438 78.71355438
78.72708893 78.72711182
78.74043274 78.74040985
78.75659943 78.75659943
78.76786041 78.76788330
78.78150940 78.78154755
78.79607391 78.79611969
78.81034088 78.81027222
78.82354736 78.82353210
78.83686066 78.83679199
78.84921265 78.84929657
78.86302948 78.86308289
78.87715912 78.87714386
78.88952637 78.88956451
78.90462494 78.90469360
78.91503906 78.91497040
78.93225861 78.93222046
78.94400787 78.94406891
78.95709229 78.95713043
78.97151184 78.97151184
78.98301697 78.98303223
78.99518585 78.99521637
79.00708771 79.00711060
79.02024078 79.02024078
79.03386688 79.03395081
79.04344177 79.04341125
79.05643463 79.05646515
79.07099152 79.07107544
79.08641815 79.08642578
79.09639740 79.09642792
79.10984039 79.10981750
79.12343597 79.12351990
79.13592529 79.13596344
79.14865112 79.14865875
79.15953827 79.15958405
79.17468262 79.17472076
79.18795013 79.18797302
79.19772339 79.19778442
79.20946503 79.20955658
79.22386932 79.22390747
79.23499298 79.23510742
79.24794006 79.24793243
79.26008606 79.26006317
79.27262115 79.27270508
79.28584290 79.28591156
79.29791260 79.29788971
79.31109619 79.31110382
79.32566071 79.32571411
79.33861542 79.33866119
79.35149384 79.35143280
79.36217499 79.36224365
79.37286377 79.37293243
79.38433838 79.38437653
79.39697266 79.39696503
79.40763092 79.40763092
79.42144775 79.42150116
79.43497467 79.43498993
79.44439697 79.44443512
79.45943451 79.45936584
79.46986389 79.46984100
79.48146820 79.48146057
79.49391937 79.49388123
79.50628662 79.50628662
79.51897430 79.51893616
79.53026581 79.53025055
79.54065704 79.54066467
79.55304718 79.55309296
79.56325531 79.56327820
79.57697296 79.57694244
79.58955383 79.58959198
79.60089111 79.60090637
79.61315155 79.61314392
79.62261963 79.62262726
79.63733673 79.63729095
79.64860535 79.64865112
79.66175079 79.66174316
79.67273712 79.67275238
79.68537140 79.68534851
79.69474030 79.69474792
79.70681000 79.70681763
79.71672821 79.71673584
79.72952271 79.72951508
79.73939514 79.73941040
79.75271606 79.75271606
79.76479340 79.76480103
79.77890778 79.77880096
79.78968048 79.78959656
79.80051422 79.80051422
79.81256104 79.81259155
79.82350922 79.82357025
79.83481598 79.83480835
79.84453583 79.84459686
79.85539246 79.85547638
79.86654663 79.86655426
79.87739563 79.87734985
79.88871765 79.88871002
79.90003967 79.90005493
79.91154480 79.91156006
79.92488861 79.92494965
79.93699646 79.93697357
79.94764709 79.94766998
79.95635223 79.95640564
79.96910858 79.96908569
79.98291779 79.98300934
79.99577332 79.99575043
80.00431061 80.00433350
80.01789093 80.01784515
80.02919769 80.02922058
80.03776550 80.03779602
80.05165863 80.05171204
80.06194305 80.06195068
80.07319641 80.07320404
80.08470917 80.08474731
80.09468079 80.09471130
80.10620117 80.10629272
80.11920929 80.11918640
80.13147736 80.13157654
