98.84518433 98.84517670
98.06309509 98.06324005
96.73844147 96.73865509
95.19786835 95.19797516
93.51587677 93.51559448
91.71423340 91.71424103
89.80587006 89.80593872
87.80228424 87.80236053
85.71639252 85.71636200
83.55902863 83.55886841
81.33945465 81.33948517
79.06650543 79.06668091
76.74671936 76.74658966
74.38603973 74.38591003
71.99050140 71.99044800
69.56594086 69.56598663
67.11750031 67.11740875
64.64974213 64.64980316
62.16770554 62.16783142
59.67525864 59.67530823
57.17676926 57.17691422
54.67633057 54.67642212
52.17774200 52.17797470
49.68504715 49.68515778
47.20176315 47.20184708
44.73159409 44.73162842
42.27775574 42.27772903
39.84394073 39.84402466
37.43338776 37.43338776
35.04921341 35.04919815
32.69495392 32.69505692
30.37411118 30.37405014
28.09037209 28.09037399
25.84785843 25.84795761
23.65096474 23.65108109
21.50463295 21.50454521
19.41410255 19.41404915
17.38691139 17.38690758
15.43149281 15.43149471
13.55585766 13.55589676
11.76844025 11.76849079
10.07599354 10.07594872
8.47738075 8.47739601
6.95986414 6.95983076
5.48926973 5.48924828
3.94893599 3.94890785
1.98299587 1.98299015
0.03702609 0.03702616
0.01324802 0.01324793
0.01218815 0.01218822
0.01151575 0.01151571
0.01110066 0.01110056
0.01083469 0.01083462
0.01065057 0.01065050
0.01050989 0.01050979
0.01039930 0.01039926
0.01030972 0.01030965
0.01023539 0.01023533
0.01017227 0.01017222
0.01011957 0.01011956
0.01007563 0.01007562
0.01003863 0.01003860
0.01000784 0.01000785
0.00998278 0.00998269
0.00996268 0.00996269
0.00994746 0.00994747
0.00993560 0.00993553
0.00992668 0.00992669
0.00992037 0.00992038
0.00991569 0.00991561
0.00991310 0.00991311
0.00991263 0.00991271
0.00991451 0.00991442
0.00991700 0.00991689
0.00992151 0.00992150
0.00992640 0.00992639
0.00993275 0.00993268
0.00993964 0.00993942
0.00994700 0.00994686
0.00995477 0.00995481
0.00996202 0.00996217
0.00997022 0.00997034
0.00997721 0.00997737
0.00998261 0.00998282
0.00998814 0.00998818
0.00999308 0.00999309
0.00999639 0.00999632
0.00999930 0.00999921
0.01000314 0.01000303
0.01000610 0.01000592
0.01000855 0.01000853
0.01001132 0.01001137
0.01001476 0.01001469
0.01001778 0.01001773
0.01002085 0.01002102
0.01002407 0.01002407
0.01002756 0.01002761
0.01003091 0.01003100
0.01003303 0.01003316
0.01003552 0.01003556
0.01003754 0.01003757
0.01003923 0.01003935
0.01004150 0.01004149
0.01004383 0.01004365
0.01004609 0.01004592
0.01004789 0.01004767
0.01004923 0.01004917
0.01005067 0.01005042
0.01005176 0.01005157
0.01005296 0.01005276
0.01005334 0.01005323
0.01005351 0.01005348
0.01005391 0.01005384
0.01005444 0.01005434
0.01005431 0.01005431
0.01005473 0.01005465
0.01005477 0.01005465
0.01005480 0.01005466
0.01005488 0.01005463
0.01005483 0.01005469
0.01005432 0.01005433
0.01005432 0.01005423
0.01005377 0.01005374
0.01005345 0.01005306
0.01005274 0.01005243
0.01005204 0.01005186
0.01005174 0.01005161
0.01005166 0.01005186
0.01005157 0.01005189
0.01005119 0.01005166
0.01005112 0.01005160
0.01005091 0.01005142
0.01004982 0.01005054
0.01004966 0.01005042
0.01004937 0.01005002
0.01004915 0.01004968
0.01004886 0.01004933
0.01004843 0.01004897
0.01004839 0.01004874
0.01004782 0.01004836
0.01004744 0.01004800
0.01004683 0.01004734
0.01004653 0.01004711
0.01004611 0.01004673
0.01004583 0.01004646
0.01004557 0.01004619
0.01004508 0.01004574
0.01004496 0.01004557
0.01004468 0.01004538
0.01004453 0.01004512
0.01004441 0.01004492
0.01004418 0.01004461
0.01004423 0.01004453
0.01004396 0.01004422
0.01004394 0.01004418
0.01004390 0.01004431
0.01004379 0.01004417
0.01004355 0.01004399
0.01004341 0.01004386
0.01004332 0.01004378
0.01004316 0.01004357
0.01004301 0.01004350
0.01004278 0.01004333
0.01004271 0.01004325
0.01004257 0.01004308
0.01004250 0.01004299
0.01004246 0.01004293
0.01004240 0.01004287
0.01004228 0.01004274
0.01004212 0.01004267
0.01004210 0.01004267
0.01004209 0.01004253
0.01004194 0.01004243
0.01004190 0.01004235
0.01004187 0.01004226
0.01004183 0.01004223
0.01004192 0.01004223
0.01004193 0.01004223
0.01004186 0.01004213
0.01004173 0.01004202
0.01004171 0.01004200
0.01004163 0.01004192
0.01004157 0.01004187
0.01004151 0.01004181
0.01004148 0.01004184
0.01004148 0.01004190
0.01004147 0.01004188
0.01004144 0.01004182
0.01004141 0.01004185
0.01004128 0.01004172
0.01004124 0.01004163
0.01004054 0.01004078
0.01004022 0.01004056
0.01004015 0.01004054
0.01004013 0.01004051
0.01004015 0.01004050
0.01004010 0.01004043
0.01004013 0.01004044
0.01004014 0.01004041
0.01004023 0.01004047
0.01004013 0.01004048
0.01004014 0.01004045
0.01004018 0.01004046
0.01004018 0.01004047
0.01004016 0.01004045
0.01004016 0.01004043
0.01004015 0.01004040
0.01004013 0.01004036
0.01004011 0.01004035
0.01004012 0.01004036
0.01004006 0.01004033
0.01003996 0.01004030
0.01003992 0.01004028
0.01003992 0.01004026
0.01003997 0.01004029
0.01004000 0.01004031
0.01004001 0.01004030
0.01003995 0.01004029
0.01003999 0.01004043
0.01004000 0.01004048
0.01004003 0.01004049
0.01004002 0.01004050
0.01004005 0.01004052
0.01004004 0.01004051
0.01004004 0.01004050
0.01004000 0.01004049
0.01004019 0.01004066
0.01004002 0.01004050
0.01003997 0.01004048
0.01003996 0.01004046
0.01003996 0.01004046
0.01003994 0.01004050
0.01004010 0.01004073
0.01004007 0.01004072
0.01004011 0.01004072
0.01004015 0.01004073
0.01004018 0.01004075
0.01004016 0.01004073
0.01004016 0.01004069
0.01004020 0.01004069
0.01004015 0.01004068
0.01004016 0.01004067
0.01004017 0.01004068
0.01004016 0.01004068
0.01004019 0.01004070
0.01004020 0.01004070
0.01004021 0.01004070
0.01004025 0.01004070
0.01004027 0.01004071
0.01004027 0.01004072
0.01004028 0.01004071
0.01004029 0.01004071
0.01004028 0.01004071
0.01004028 0.01004075
0.01004031 0.01004076
0.01004042 0.01004081
0.01004041 0.01004082
0.01004039 0.01004083
0.01004038 0.01004083
0.01004038 0.01004084
0.01004039 0.01004086
0.01004039 0.01004085
0.01004041 0.01004085
0.01004039 0.01004085
0.01004036 0.01004082
0.01004037 0.01004083
0.01004037 0.01004082
0.01004037 0.01004084
0.01004040 0.01004084
0.01004039 0.01004083
0.01004039 0.01004084
0.01004039 0.01004084
0.01004039 0.01004085
0.01004039 0.01004085
0.01004038 0.01004086
0.01004039 0.01004087
0.01004040 0.01004087
0.01004045 0.01004088
0.01004043 0.01004088
0.01004044 0.01004088
0.01004052 0.01004090
0.01004050 0.01004091
0.01004054 0.01004092
0.01004056 0.01004091
0.01004060 0.01004091
0.01004062 0.01004091
0.01004062 0.01004092
0.01004063 0.01004094
0.01004062 0.01004093
0.01004060 0.01004093
0.01004059 0.01004093
0.01004060 0.01004094
0.01004061 0.01004094
0.01004062 0.01004096
0.01004065 0.01004097
0.01004065 0.01004097
0.01004067 0.01004099
0.01004064 0.01004097
0.01004068 0.01004096
0.01004069 0.01004097
0.01004072 0.01004099
0.01004073 0.01004101
0.01004073 0.01004103
0.01004075 0.01004106
0.01004078 0.01004108
0.01004078 0.01004108
0.01004076 0.01004107
0.01004085 0.01004115
0.01004088 0.01004114
0.01004088 0.01004113
0.01004086 0.01004111
0.01004088 0.01004112
0.01004092 0.01004113
0.01004101 0.01004120
0.01004185 0.01004199
0.01004496 0.01004476
0.01004471 0.01004456
0.01004506 0.01004489
0.01004509 0.01004489
0.01004507 0.01004492
0.01004514 0.01004495
0.01004514 0.01004495
0.01004090 0.01004112
0.01004076 0.01004101
0.01004080 0.01004103
0.01004083 0.01004102
0.01004084 0.01004103
0.01004084 0.01004104
0.01004092 0.01004108
0.01004091 0.01004107
0.01004093 0.01004109
0.01004094 0.01004110
0.01004219 0.01004218
0.01004250 0.01004242
0.01004462 0.01004442
0.01004456 0.01004441
0.01004493 0.01004475
0.01004504 0.01004484
0.01004504 0.01004483
0.01004501 0.01004485
0.01004503 0.01004491
0.01004502 0.01004489
0.01004503 0.01004492
0.01004506 0.01004492
0.01004507 0.01004493
0.01004514 0.01004493
0.01004513 0.01004492
0.01004549 0.01004513
0.01004549 0.01004515
0.01004548 0.01004512
0.01004553 0.01004516
0.01004540 0.01004512
0.01004525 0.01004501
0.01004528 0.01004503
0.01004561 0.01004524
0.01004537 0.01004504
0.01004538 0.01004507
0.01004540 0.01004511
0.01004543 0.01004511
0.01004547 0.01004513
0.01004549 0.01004514
0.01004565 0.01004524
0.01004573 0.01004524
0.01004578 0.01004527
0.01004579 0.01004531
0.01004578 0.01004530
0.01004579 0.01004531
0.01004576 0.01004534
0.01004575 0.01004533
0.01004576 0.01004533
0.01004562 0.01004527
0.01004566 0.01004530
0.01004566 0.01004529
0.01004567 0.01004530
0.01004569 0.01004534
0.01004571 0.01004535
0.01004570 0.01004533
0.01004580 0.01004547
0.01004578 0.01004543
0.01004572 0.01004542
0.01004576 0.01004539
0.01004584 0.01004540
0.01004588 0.01004548
0.01004586 0.01004544
0.01004588 0.01004548
0.01004592 0.01004552
0.01004592 0.01004552
0.01004595 0.01004554
0.01004596 0.01004557
0.01004596 0.01004554
0.01004593 0.01004554
0.01004589 0.01004556
0.01004589 0.01004556
0.01004590 0.01004560
0.01004601 0.01004565
0.01004602 0.01004568
0.01004597 0.01004567
0.01004592 0.01004568
0.01004593 0.01004572
0.01004602 0.01004576
0.01004610 0.01004583
0.01004614 0.01004583
0.01004621 0.01004594
0.01004625 0.01004600
0.01004622 0.01004604
0.01004620 0.01004603
0.01004617 0.01004602
0.01004619 0.01004603
0.01004617 0.01004601
0.01004615 0.01004604
0.01004616 0.01004607
0.01004609 0.01004605
0.01004601 0.01004603
0.01004566 0.01004550
0.01004564 0.01004548
0.01004557 0.01004542
0.01004555 0.01004538
0.01004551 0.01004553
0.01004547 0.01004549
0.01004546 0.01004553
0.01004562 0.01004557
0.01004574 0.01004562
0.01004565 0.01004560
0.01004577 0.01004563
0.01004581 0.01004565
0.01004565 0.01004553
0.01004570 0.01004552
0.01004579 0.01004554
0.01004576 0.01004547
0.01004578 0.01004548
0.01004575 0.01004551
0.01004590 0.01004557
0.01004579 0.01004548
0.01004589 0.01004551
0.01004591 0.01004552
0.01004590 0.01004555
0.01004609 0.01004590
0.01004600 0.01004581
0.01004607 0.01004588
0.01004586 0.01004564
0.01004583 0.01004555
0.01004578 0.01004550
0.01004614 0.01004585
0.01004602 0.01004577
0.01004631 0.01004589
0.01004623 0.01004587
0.01004636 0.01004587
0.01004592 0.01004566
0.01004596 0.01004564
0.01004610 0.01004570
0.01004508 0.01004492
0.01004510 0.01004486
0.01004507 0.01004483
0.01004514 0.01004481
0.01004513 0.01004471
0.01004503 0.01004461
0.01004502 0.01004458
0.01004514 0.01004458
0.01004504 0.01004448
0.01004490 0.01004441
0.01004499 0.01004450
0.01004506 0.01004446
0.01004511 0.01004454
0.01004473 0.01004419
0.01004468 0.01004427
0.01004470 0.01004413
0.01004461 0.01004398
0.01004475 0.01004405
0.01004444 0.01004379
0.01004445 0.01004377
0.01004423 0.01004361
0.01004433 0.01004361
0.01004425 0.01004351
0.01004338 0.01004289
0.01004338 0.01004283
0.01004323 0.01004266
0.01004329 0.01004263
0.01004336 0.01004263
0.01004349 0.01004289
0.01004339 0.01004281
0.01004261 0.01004201
0.01004303 0.01004239
0.01004297 0.01004241
0.01004288 0.01004237
0.01004274 0.01004229
0.01004268 0.01004231
0.01004164 0.01004138
0.01004167 0.01004128
0.01004158 0.01004127
0.01004160 0.01004128
0.01004148 0.01004117
0.01004160 0.01004121
0.01004162 0.01004113
0.01004159 0.01004104
0.01004157 0.01004121
0.01004150 0.01004107
0.01004147 0.01004105
0.01004179 0.01004207
0.01004209 0.01004249
0.01004214 0.01004248
