30.30253029 30.30253029
30.73737717 30.73737526
31.22240067 31.22239113
31.62761116 31.62763596
31.98502159 31.98502731
32.31355286 32.31354904
32.62516785 32.62517548
32.92576218 32.92574692
33.22128677 33.22127533
33.51399994 33.51401520
33.80522537 33.80523682
34.09929657 34.09927750
34.39457321 34.39456177
34.69430542 34.69430161
34.99744034 34.99743271
35.30488205 35.30490494
35.61652374 35.61652374
35.93558502 35.93557739
36.25755692 36.25757217
36.58572388 36.58570480
36.91983032 36.91983032
37.25647354 37.25647354
37.59947586 37.59946442
37.94752884 37.94752502
38.29820251 38.29822159
38.65048218 38.65050888
39.00893021 39.00893021
39.36970139 39.36970901
39.73304749 39.73306656
40.09546661 40.09545517
40.45814133 40.45813751
40.81867599 40.81866837
41.17745972 41.17745590
41.53026962 41.53029251
41.87753677 41.87752151
42.21712494 42.21713257
42.54568863 42.54569244
42.86077118 42.86078262
43.16129684 43.16128922
43.44747162 43.44746399
43.71329117 43.71328735
43.95926666 43.95925522
44.18370056 44.18371964
44.38813400 44.38812637
44.57132339 44.57129669
44.73521423 44.73522186
44.87838364 44.87838364
45.00341034 45.00341415
45.11234665 45.11233902
45.20629501 45.20628738
45.28619003 45.28619766
45.35420609 45.35419083
45.41315460 45.41315460
45.46306992 45.46307373
45.50552750 45.50552750
45.54269791 45.54270172
45.57430267 45.57431793
45.60182571 45.60186005
45.62576675 45.62577438
45.64782333 45.64781189
45.66720963 45.66720963
45.68260574 45.68262100
45.69821930 45.69821930
45.71286011 45.71285248
45.72420502 45.72420120
45.73596954 45.73596954
45.74695206 45.74693298
45.75689316 45.75689316
45.76546097 45.76545715
45.77358627 45.77360153
45.78112793 45.78113556
45.78821564 45.78822327
45.79525757 45.79526138
45.80157089 45.80155945
45.80727005 45.80729675
45.81439590 45.81439209
45.82031250 45.82032776
45.82530975 45.82532120
45.83111191 45.83111191
45.83504868 45.83504105
45.84021759 45.84021759
45.84538651 45.84539795
45.85025787 45.85026550
45.85414886 45.85417938
45.85908508 45.85910797
45.86297226 45.86299133
45.86677933 45.86678314
45.86903000 45.86903763
45.87238312 45.87238312
45.87641907 45.87641907
45.87961197 45.87960434
45.88184738 45.88184738
45.88545990 45.88545609
45.88862610 45.88861847
45.89280319 45.89279556
45.89544296 45.89547729
45.89812088 45.89810562
45.90100098 45.90100479
45.90404129 45.90402222
45.90675354 45.90677643
45.90989685 45.90991592
45.91232681 45.91232681
45.91483688 45.91482162
45.91734695 45.91732025
45.91985321 45.91981506
45.92333984 45.92331696
45.92491150 45.92490768
45.92800522 45.92800522
45.93117905 45.93118668
45.93230057 45.93232346
45.93547821 45.93546295
45.93685532 45.93687820
45.93997574 45.93998337
45.94190598 45.94192123
45.94371414 45.94372559
45.94553375 45.94552612
45.94817734 45.94819260
45.94967270 45.94970703
45.95152664 45.95154190
45.95327759 45.95327759
45.95582199 45.95583344
45.95774078 45.95776367
45.96038818 45.96039581
45.96173859 45.96177292
45.96313095 45.96311188
45.96518326 45.96517944
45.96660995 45.96661377
45.96717834 45.96718216
45.96924210 45.96921921
45.97047043 45.97047043
45.97249222 45.97251892
45.97289276 45.97289658
45.97536087 45.97535706
45.97732925 45.97731400
45.97872925 45.97874069
45.97912598 45.97913361
45.98023605 45.98021317
45.98221207 45.98219681
45.98290634 45.98289108
45.98437119 45.98436356
45.98627472 45.98627472
45.98718262 45.98719025
45.98847961 45.98847961
45.98887634 45.98887253
45.99023819 45.99022675
45.99128342 45.99129486
45.99266815 45.99267197
45.99339676 45.99339294
45.99499512 45.99499130
45.99611664 45.99613190
45.99655533 45.99655533
45.99828720 45.99830627
45.99895096 45.99896240
45.99915695 45.99916840
46.00009155 46.00009918
46.00121689 46.00123215
46.00185394 46.00188446
46.00265503 46.00263977
46.00460052 46.00457764
46.00561142 46.00561142
46.00611877 46.00611877
46.00780487 46.00780487
46.00856018 46.00857162
46.00966263 46.00965500
46.01204300 46.01203156
46.01215744 46.01215744
46.01242828 46.01241684
46.01363373 46.01364517
46.01385498 46.01387787
46.01632309 46.01634979
46.01830673 46.01831055
46.01885223 46.01888275
46.01960754 46.01958084
46.02068329 46.02067184
46.02104568 46.02102280
46.02194214 46.02192307
46.02251816 46.02251434
46.02447128 46.02446747
46.02568054 46.02566910
46.02637100 46.02636337
46.02696609 46.02698898
46.02878189 46.02878952
46.02968979 46.02967834
46.03007126 46.03006363
46.03180313 46.03176880
46.03236008 46.03236008
46.03290558 46.03289413
46.03345490 46.03343582
46.03363800 46.03363037
46.03450775 46.03452682
46.03620529 46.03619766
46.03752136 46.03751373
46.03870010 46.03871155
46.03847504 46.03846741
46.03924179 46.03923798
46.03969955 46.03970718
46.04111862 46.04112625
46.04214096 46.04213333
46.04253006 46.04251480
46.04322052 46.04321289
46.04418564 46.04417419
46.04553223 46.04552460
46.04596329 46.04594040
46.04594803 46.04595947
46.04519272 46.04521179
46.04496002 46.04496002
46.04649734 46.04651260
46.04653931 46.04652786
46.04676819 46.04676437
46.04715347 46.04716492
46.04638290 46.04637146
46.04666138 46.04666138
46.04660416 46.04661179
46.04738235 46.04739761
46.04783630 46.04785919
46.04818344 46.04820251
46.04799271 46.04800797
46.04867554 46.04867935
46.04882050 46.04881287
46.04925919 46.04927063
46.04973602 46.04973221
46.05101013 46.05103302
46.04925537 46.04926300
46.05005264 46.05006790
46.05001450 46.05003738
46.04962921 46.04964447
46.04933929 46.04934692
46.05006790 46.05007172
46.04972076 46.04970169
46.05061722 46.05060577
46.05117798 46.05117035
46.05036545 46.05036163
46.05078888 46.05079651
46.05050278 46.05051422
46.05027771 46.05029297
46.04980850 46.04981995
46.05031967 46.05034256
46.05014801 46.05015564
46.05071640 46.05073166
46.05076981 46.05080032
46.05105972 46.05107498
46.05206680 46.05207443
46.05197906 46.05198288
46.05223083 46.05223846
46.05209351 46.05208969
46.05241776 46.05240631
46.05266571 46.05265808
46.05305481 46.05303955
46.05252838 46.05252457
46.05360413 46.05360031
46.05402374 46.05401230
46.05364609 46.05363083
46.05436325 46.05435181
46.05546188 46.05546570
46.05516434 46.05517960
46.05509567 46.05509949
46.05581284 46.05582809
46.05486298 46.05486679
46.05539703 46.05539322
46.05572510 46.05572128
46.05593491 46.05593872
46.05663681 46.05662155
46.05654144 46.05652618
46.05636597 46.05632401
46.05570602 46.05567932
46.05471802 46.05468750
46.05539703 46.05537415
46.05595779 46.05593491
46.05658340 46.05658340
46.05685425 46.05685425
46.05570602 46.05570221
46.05645370 46.05644226
46.05668259 46.05667877
46.05685043 46.05685425
46.05699158 46.05699158
46.05686951 46.05687714
46.05690384 46.05690384
46.05591583 46.05590439
46.05698395 46.05698395
46.05672455 46.05671692
46.05739212 46.05738068
46.05782318 46.05782318
46.05792999 46.05792999
46.05780029 46.05779266
46.05783081 46.05782318
46.05767059 46.05767822
46.05792618 46.05791855
46.05900192 46.05900574
46.05920410 46.05920410
46.05829620 46.05829620
46.05846024 46.05846024
46.05843735 46.05843735
46.05912781 46.05913925
46.05913925 46.05914307
46.05859756 46.05859375
46.05878067 46.05878448
46.05885696 46.05887604
46.05895996 46.05897141
46.05869293 46.05869293
46.05836487 46.05835342
46.05759811 46.05759811
46.05861664 46.05860519
46.05874634 46.05872726
46.06016922 46.06016922
46.06045151 46.06044388
46.05985641 46.05984879
46.06016922 46.06017685
46.05992508 46.05992508
46.05973434 46.05972290
46.06002045 46.06002045
46.05968094 46.05967331
46.06006622 46.06006241
46.06009293 46.06009293
46.06092834 46.06092453
46.06013107 46.06013107
46.06076050 46.06074905
46.06082916 46.06082535
46.06121826 46.06120682
46.06099319 46.06100082
46.06055832 46.06055069
46.06037903 46.06035614
46.06063843 46.06062317
46.06117630 46.06116104
46.06061935 46.06060410
46.06084442 46.06081009
46.06135178 46.06131744
46.06078339 46.06077194
46.06169128 46.06167984
46.06155777 46.06155777
46.06122971 46.06122208
46.06171799 46.06171417
46.06230927 46.06231308
46.06200027 46.06199265
46.06201172 46.06200027
46.06280899 46.06280899
46.06409836 46.06408691
46.06364822 46.06363297
46.06352997 46.06351852
46.06356430 46.06355667
46.06393814 46.06392670
46.06402206 46.06401062
46.06301498 46.06300735
46.06187057 46.06185913
46.06203079 46.06203079
46.06319809 46.06319809
46.06371689 46.06370926
46.06404877 46.06403351
46.06360626 46.06359863
46.06306839 46.06307602
46.06387711 46.06386566
46.06333160 46.06333923
46.06325150 46.06325912
46.06297302 46.06296539
46.06215668 46.06216431
46.06349564 46.06348419
46.06436157 46.06435013
46.06383133 46.06382370
46.06496811 46.06494522
46.06506348 46.06505966
46.06500244 46.06499863
46.06403351 46.06402206
46.06373596 46.06372452
46.06494904 46.06493378
46.06542587 46.06542587
46.06538773 46.06537628
46.06409073 46.06407928
46.06367493 46.06365967
46.06470871 46.06470108
46.06457901 46.06457901
46.06417847 46.06417465
46.06489182 46.06489563
46.06466675 46.06467438
46.06521225 46.06521225
46.06489182 46.06489182
46.06492233 46.06492615
46.06510925 46.06511688
46.06563950 46.06564713
46.06517792 46.06514740
46.06462097 46.06460571
46.06461334 46.06459427
46.06582260 46.06580734
46.06666946 46.06664658
46.06593323 46.06590652
46.06586456 46.06583786
46.06554031 46.06552124
46.06595612 46.06594086
46.06536102 46.06534576
46.06563950 46.06563950
46.06621170 46.06621170
46.06566238 46.06565475
46.06563950 46.06563950
46.06548309 46.06547165
46.06561279 46.06560135
46.06591797 46.06590652
46.06665421 46.06665039
46.06654739 46.06653595
46.06711578 46.06711197
46.06682587 46.06683350
46.06579590 46.06580353
46.06513977 46.06513596
46.06546402 46.06546402
46.06558990 46.06557846
46.06668472 46.06667328
46.06637573 46.06635666
46.06532288 46.06531906
46.06588745 46.06587601
46.06485748 46.06484222
46.06447601 46.06446457
46.06488800 46.06487656
46.06560135 46.06557465
46.06577301 46.06575394
46.06499863 46.06498337
46.06580353 46.06578445
46.06589890 46.06587219
46.06680298 46.06678391
46.06696320 46.06694412
46.06765747 46.06764984
46.06761932 46.06760788
46.06620026 46.06618500
46.06625366 46.06623459
46.06688309 46.06686783
46.06704330 46.06703186
46.06762695 46.06760788
46.06705093 46.06702805
46.06625366 46.06623459
46.06628799 46.06628799
46.06731415 46.06729126
46.06663895 46.06662750
46.06617355 46.06615829
46.06673050 46.06671524
46.06595993 46.06595230
46.06713104 46.06711578
46.06698608 46.06697845
46.06731415 46.06731033
46.06687164 46.06684875
46.06628799 46.06628418
46.06623077 46.06622696
46.06676102 46.06674957
46.06733704 46.06732178
46.06626129 46.06625366
46.06634521 46.06634140
46.06598663 46.06598663
46.06595993 46.06596756
46.06635284 46.06634140
46.06700516 46.06698990
46.06682968 46.06682587
46.06709671 46.06708527
46.06541061 46.06540298
46.06669617 46.06669617
46.06741333 46.06741333
46.06649780 46.06649017
46.06709671 46.06709290
46.06642151 46.06641006
46.06629944 46.06630707
46.06587982 46.06587982
46.06627274 46.06626511
46.06657791 46.06655884
46.06729126 46.06726837
46.06695175 46.06693649
46.06703949 46.06701660
46.06760406 46.06759262
46.06642914 46.06641769
46.06815338 46.06813812
46.06785202 46.06784058
46.06744003 46.06742477
46.06787491 46.06785965
46.06755066 46.06753922
46.06653976 46.06652832
46.06647110 46.06646347
46.06682587 46.06681442
46.06716537 46.06715775
46.06725311 46.06723022
46.06722260 46.06719589
46.06784439 46.06783295
46.06800842 46.06798935
46.06747055 46.06745911
46.06725311 46.06724167
46.06801605 46.06800842
46.06817245 46.06814575
46.06864166 46.06863022
46.06929016 46.06929779
46.06830978 46.06831360
46.06822586 46.06821442
46.06811142 46.06809616
46.06891632 46.06890106
46.06914139 46.06913376
46.06876373 46.06875229
46.06867599 46.06867599
46.06867599 46.06866074
46.06850052 46.06849289
46.06812668 46.06811142
46.06892776 46.06891632
46.06921387 46.06919861
46.06908417 46.06906509
46.06913376 46.06913376
46.07003021 46.07001495
46.06850433 46.06849289
46.06874466 46.06874084
46.06924438 46.06923676
46.06921005 46.06919861
46.06860352 46.06859589
46.06938934 46.06938553
46.06939316 46.06937790
46.06936646 46.06936646
46.06914139 46.06913757
46.06910324 46.06909943
46.06901169 46.06901169
46.06890488 46.06889725
46.06860733 46.06859970
46.06773376 46.06773376
46.06829834 46.06828690
46.06772995 46.06771469
46.06745911 46.06745148
46.06797409 46.06796265
46.06778336 46.06776428
46.06789398 46.06787491
46.06813812 46.06812668
46.06937790 46.06937027
46.06945038 46.06942749
46.06855774 46.06854248
46.06826019 46.06824112
46.06894684 46.06892776
46.06861496 46.06858444
46.06821823 46.06819153
46.06877136 46.06874466
46.06860352 46.06858444
46.06900406 46.06898499
46.06822205 46.06819916
46.06996155 46.06995010
46.06998444 46.06997681
46.06982803 46.06980515
46.07001114 46.06998825
46.07033539 46.07031631
46.06929779 46.06928635
46.06906509 46.06905746
46.06882477 46.06880569
46.06939316 46.06937408
46.06816483 46.06815338
46.06914520 46.06915283
46.06877899 46.06878281
46.06892014 46.06892395
46.06845474 46.06847382
46.06853104 46.06853485
46.06830978 46.06830597
46.06886673 46.06886673
46.06921387 46.06922531
46.06948090 46.06949234
46.06954956 46.06954193
46.06925583 46.06925583
46.06994629 46.06995010
46.07071304 46.07070923
46.07061386 46.07061386
46.06978989 46.06979370
46.07073975 46.07073975
46.07006454 46.07006836
46.06949615 46.06949234
46.06841278 46.06840897
46.06729126 46.06728745
46.06877518 46.06877136
46.06813812 46.06813431
46.06798172 46.06796265
46.06800842 46.06800079
46.06872177 46.06871796
46.06937790 46.06936646
46.06929016 46.06927872
46.06845856 46.06845093
46.06937790 46.06937027
46.06922913 46.06922150
46.06899261 46.06898499
46.06925583 46.06923676
46.06900787 46.06899261
46.06953812 46.06952286
46.06843185 46.06842422
46.06853485 46.06851578
46.06872940 46.06871796
46.06905746 46.06904602
46.06919479 46.06917572
46.06865692 46.06863022
46.06871796 46.06869125
46.06974411 46.06972885
46.06990433 46.06988144
46.06909943 46.06907272
46.06895065 46.06892014
46.06896210 46.06893539
46.06837845 46.06833649
46.06859207 46.06856918
46.06762314 46.06760025
46.06842041 46.06840134
46.06876373 46.06873703
46.06805801 46.06803131
46.06927109 46.06925201
46.06882858 46.06881332
46.06876373 46.06875229
46.06828308 46.06825638
46.06814575 46.06812286
46.06893921 46.06891251
46.06801605 46.06798553
46.06874466 46.06871033
46.06894302 46.06891632
46.06945801 46.06944656
46.06916809 46.06914520
46.06968307 46.06967545
46.06997299 46.06995392
46.06964493 46.06964493
46.06953812 46.06952667
46.06964874 46.06964493
46.06958771 46.06957626
46.07063675 46.07062531
46.07032394 46.07029724
46.07027817 46.07026291
46.06977844 46.06975174
46.07051468 46.07048416
46.07032394 46.07029724
46.06943130 46.06939316
46.06969452 46.06966400
46.07026291 46.07023239
46.06936264 46.06933594
46.06925964 46.06923676
46.06733704 46.06731796
46.06877136 46.06874847
46.06859207 46.06855392
46.06871033 46.06868362
46.06783295 46.06780624
46.06771851 46.06769943
46.06839752 46.06837082
46.06845093 46.06843567
46.06806946 46.06804276
46.06870651 46.06868362
46.06956863 46.06954193
46.06959915 46.06956863
46.06959152 46.06956100
46.06975174 46.06972504
46.06974411 46.06971741
46.06937027 46.06934357
46.06921005 46.06919098
46.06947327 46.06945419
46.06798172 46.06795502
46.06937027 46.06935120
46.06885529 46.06882095
46.06840897 46.06838989
46.06896210 46.06894302
46.06871796 46.06869888
46.06939697 46.06937790
46.06856918 46.06855011
46.06839371 46.06837845
46.06910324 46.06909180
46.06916046 46.06914520
46.06915283 46.06912994
46.06927490 46.06925583
46.06908035 46.06906509
46.06989670 46.06988907
46.07061768 46.07060242
46.07072449 46.07070541
46.07038498 46.07035828
46.07020569 46.07020187
46.06988144 46.06988144
46.06919479 46.06918335
46.07022858 46.07020187
46.07125854 46.07125092
46.06971359 46.06969452
46.06988907 46.06988144
46.07036591 46.07035065
46.06966019 46.06966019
46.06937408 46.06935883
46.07027054 46.07026672
46.07037354 46.07036972
46.07036972 46.07037354
46.06946945 46.06948090
46.06933212 46.06933975
46.06937408 46.06938171
46.06958771 46.06958771
46.06929016 46.06930161
46.07081985 46.07083511
46.07008743 46.07009888
46.07055664 46.07055664
46.07055664 46.07056808
46.07066727 46.07068634
46.06993103 46.06994247
46.07045746 46.07047272
46.07014465 46.07016373
46.06963730 46.06964874
46.07023621 46.07024384
46.06996155 46.06997299
46.07114792 46.07116318
46.07056808 46.07056808
46.07128525 46.07129669
46.07059097 46.07060242
46.07081604 46.07082748
46.07070160 46.07070923
46.07094955 46.07095718
46.07081985 46.07083130
46.07089996 46.07089996
46.07049561 46.07049561
46.07020950 46.07021713
46.07032776 46.07033157
46.07106400 46.07107162
46.07032394 46.07032013
46.07166290 46.07166672
46.07171249 46.07172012
46.07191086 46.07191086
46.07192230 46.07191849
46.07143402 46.07144165
46.07149124 46.07150650
46.07167816 46.07168198
46.07182693 46.07182312
46.07250977 46.07252121
46.07143402 46.07144165
46.07172012 46.07173157
46.07097626 46.07099152
46.07172394 46.07173920
46.07126999 46.07127762
46.07217026 46.07217789
46.07283401 46.07283020
46.07250977 46.07251740
46.07222366 46.07223511
46.07269669 46.07270813
46.07157898 46.07158279
46.07112885 46.07112885
46.07129669 46.07130432
46.07200241 46.07199860
46.07207489 46.07208252
46.07213593 46.07212830
46.07157135 46.07158279
46.07228470 46.07228470
46.07241440 46.07241058
46.07219315 46.07219696
46.07258987 46.07258606
46.07291031 46.07289886
46.07295227 46.07295227
46.07236099 46.07236099
46.07164764 46.07164383
46.07212067 46.07211304
46.07194519 46.07194519
46.07252502 46.07252121
46.07182312 46.07182312
46.07151031 46.07151413
46.07090378 46.07089996
46.07076645 46.07075882
46.07116318 46.07114792
46.07004166 46.07004547
46.07047272 46.07046890
46.07063293 46.07063675
46.07017517 46.07017517
46.07022858 46.07022095
46.06996155 46.06995392
46.06997299 46.06996536
46.06957626 46.06956863
46.06939316 46.06940460
46.07010651 46.07010651
46.07012177 46.07011795
46.07059097 46.07059097
46.07020950 46.07020950
46.06894302 46.06895447
46.06990433 46.06990051
46.07133865 46.07134247
46.07041168 46.07040024
46.07003021 46.07003021
46.07027054 46.07025528
46.06969070 46.06969070
46.07049179 46.07048798
46.07058334 46.07057571
46.07032394 46.07030487
46.07112122 46.07110977
46.07010651 46.07010651
46.07014847 46.07014847
46.07025146 46.07024765
46.07104492 46.07104492
46.07042694 46.07042313
46.06967545 46.06967163
46.06995773 46.06995773
46.06927872 46.06926727
46.06967163 46.06967545
46.06923294 46.06922913
46.07043457 46.07043457
46.07033920 46.07033157
46.06995010 46.06994247
46.07005310 46.07005310
46.06950760 46.06949234
46.07034683 46.07034302
46.06981277 46.06980896
46.06979752 46.06978607
46.06954956 46.06954956
46.06986237 46.06985474
46.07047653 46.07048798
46.07085419 46.07083893
46.07019806 46.07019043
46.06989288 46.06987762
46.06994247 46.06993484
46.07023621 46.07022858
46.07090759 46.07089615
46.06982803 46.06982040
46.06988907 46.06987381
46.06842422 46.06842041
46.06856155 46.06855392
46.06903076 46.06902695
46.06859589 46.06859589
46.06886673 46.06885910
46.06828690 46.06828308
46.06846619 46.06845856
46.06889343 46.06889343
46.06906509 46.06907272
46.06869888 46.06868362
46.06878662 46.06877899
46.06803513 46.06802750
46.06807709 46.06807327
46.06826782 46.06825638
46.06925201 46.06924820
46.06885910 46.06885910
46.06865311 46.06864166
46.06805801 46.06807327
46.06877136 46.06875992
46.06777191 46.06775284
46.06909180 46.06908035
46.06890106 46.06890106
46.06863022 46.06863403
46.06843185 46.06843567
46.06900406 46.06899643
46.06993103 46.06991959
46.06929016 46.06928253
46.06868744 46.06867599
46.06892776 46.06891251
46.06943893 46.06942749
46.06972504 46.06971359
46.06881332 46.06879807
46.06870270 46.06867981
46.06925583 46.06922913
46.06924438 46.06924057
46.06956100 46.06956100
46.06967163 46.06965637
46.06933212 46.06933212
46.07048798 46.07046890
46.06928253 46.06927872
46.06972504 46.06971359
46.06926727 46.06925583
46.06922531 46.06922531
46.06935883 46.06935501
46.06957626 46.06956863
46.06937408 46.06935883
46.06932068 46.06932068
46.06995392 46.06994629
46.07014084 46.07013702
46.06986618 46.06986618
46.06960678 46.06960678
46.07007217 46.07007980
46.06990814 46.06991577
46.07011414 46.07011795
46.07130432 46.07129669
46.06986618 46.06986237
46.07033920 46.07033920
46.07041931 46.07041931
46.07043839 46.07043839
46.07025528 46.07023621
46.07011032 46.07010651
46.06954956 46.06954575
46.06975555 46.06975174
46.06963730 46.06963348
46.06972504 46.06971741
46.06999588 46.06998825
46.06984711 46.06983948
46.06956863 46.06955719
46.06979370 46.06979370
46.06962967 46.06962204
46.06938553 46.06938553
46.06908417 46.06906509
46.06970596 46.06970596
46.07038116 46.07036972
46.07059097 46.07059097
46.06922913 46.06922531
46.07040024 46.07039261
46.07059479 46.07058716
46.06960678 46.06960297
46.06880188 46.06880188
46.07009888 46.07010651
46.06972122 46.06971741
46.07005692 46.07005310
46.07027435 46.07025909
46.07043457 46.07044601
46.06959152 46.06958771
46.07059479 46.07059479
46.06975555 46.06975555
46.06990814 46.06991577
46.07067108 46.07066727
46.07001877 46.07002640
46.07077408 46.07078552
46.07057953 46.07057571
46.07086182 46.07086182
46.07010651 46.07009888
46.06981277 46.06981277
46.07046127 46.07045364
46.06975555 46.06975174
46.06986618 46.06986237
46.07042694 46.07042313
46.06984329 46.06984329
46.07015228 46.07014084
46.06977081 46.06977081
46.06971359 46.06970596
46.06940460 46.06940460
46.06866837 46.06865692
46.06904602 46.06904602
46.07043839 46.07043457
46.06993103 46.06992340
46.06932068 46.06930923
46.06910706 46.06909943
46.06840897 46.06840515
46.06934357 46.06932449
46.06914520 46.06912994
46.06810379 46.06808090
46.06866455 46.06865311
46.06852341 46.06850433
46.06770325 46.06769180
46.06824112 46.06824112
46.06795120 46.06793976
46.06835175 46.06834030
46.06886673 46.06885529
46.06979370 46.06978226
46.06843567 46.06842422
46.06934738 46.06933212
46.06990814 46.06989670
46.06891632 46.06891251
46.06848526 46.06847000
46.06808472 46.06807709
46.06909180 46.06908035
46.06895447 46.06893921
46.06900406 46.06900406
46.06855392 46.06855392
46.06904984 46.06904984
46.06899643 46.06900024
46.06963730 46.06963348
46.06966400 46.06966400
46.06968689 46.06968689
46.06901169 46.06900787
46.06953430 46.06953430
46.06939316 46.06940460
46.06886673 46.06885910
46.06933212 46.06931686
46.06926346 46.06925201
46.06917191 46.06916428
46.06822968 46.06823349
46.06964493 46.06964493
46.06940079 46.06939316
46.06877136 46.06877136
46.06929016 46.06929398
46.06893539 46.06893539
46.06918335 46.06918716
46.06854630 46.06855392
46.06890869 46.06890869
46.06864166 46.06863785
46.06945419 46.06944656
46.06904984 46.06905746
46.06959152 46.06958771
46.06937027 46.06937027
46.07035065 46.07034302
46.07024384 46.07023621
46.06985474 46.06984711
46.07010651 46.07009888
46.06948471 46.06948090
46.07033920 46.07033920
46.06975937 46.06975937
46.06926346 46.06925583
46.07064056 46.07063675
46.07030106 46.07028961
46.07036591 46.07036591
46.07071304 46.07070160
46.07133484 46.07133102
46.07012558 46.07012177
46.07012558 46.07012177
46.07079315 46.07080460
46.07006073 46.07004547
46.07086945 46.07085800
46.06934738 46.06934357
46.06928253 46.06929016
46.06961823 46.06961060
46.06898880 46.06896973
46.07022858 46.07022476
46.07046890 46.07046509
46.07051849 46.07050705
46.07090759 46.07089996
46.07013702 46.07012939
46.07067871 46.07067490
46.07073975 46.07073212
46.07093430 46.07093048
46.07096100 46.07095337
46.07114792 46.07114410
46.07058716 46.07057953
46.07073593 46.07073212
46.07247543 46.07247162
46.07204819 46.07204056
46.07160950 46.07159424
46.07197189 46.07196426
46.07189178 46.07189560
46.07212448 46.07213211
46.07194901 46.07194519
46.07189560 46.07190323
46.07223892 46.07224274
46.07209778 46.07210159
46.07151031 46.07151031
46.07174683 46.07174301
46.07174683 46.07174301
46.07192230 46.07191086
46.07199860 46.07200241
