42.25006866 42.25008774
42.50749969 42.50748825
42.78160477 42.78158569
43.02563095 43.02564621
43.24879837 43.24879456
43.45725632 43.45726013
43.65625000 43.65624619
43.85084915 43.85083771
44.04121780 44.04120636
44.23066330 44.23066711
44.42058182 44.42058945
44.61177826 44.61176300
44.80505371 44.80504608
44.99977875 44.99978256
45.19874954 45.19874954
45.39897537 45.39901352
45.60369873 45.60370636
45.81126785 45.81130981
46.02325058 46.02323914
46.23751450 46.23749924
46.45410919 46.45417404
46.67444229 46.67442322
46.89730453 46.89731216
47.12355423 47.12357712
47.34923553 47.34923935
47.57659912 47.57661057
47.80329514 47.80329514
48.02912903 48.02912140
48.25334549 48.25333786
48.47407913 48.47409439
48.69040680 48.69042969
48.89959717 48.89958954
49.10352707 49.10356140
49.29829788 49.29830933
49.48433685 49.48438644
49.65943909 49.65945816
49.82165527 49.82167816
49.97142410 49.97150040
50.10937119 50.10935974
50.23445129 50.23451233
50.34756470 50.34761429
50.44771194 50.44768906
50.53635788 50.53638458
50.61306381 50.61306381
50.67952728 50.67951965
50.73762131 50.73762512
50.78681564 50.78680801
50.82842636 50.82844543
50.86336136 50.86338043
50.89285660 50.89287186
50.91759872 50.91761017
50.93765640 50.93769073
50.95473862 50.95471191
50.97014999 50.97005463
50.98150253 50.98148727
50.99221420 50.99219513
51.00057220 51.00056076
51.00805664 51.00804138
51.01483917 51.01482773
51.02072906 51.02073288
51.02470779 51.02465820
51.02959824 51.02959824
51.03401947 51.03404236
51.03776932 51.03773499
51.04013443 51.04013443
51.04310989 51.04307556
51.03055954 51.03058624
51.03495407 51.03498077
51.04323196 51.04323959
51.05328751 51.05329132
51.06610489 51.06612015
51.08000946 51.08005524
51.09642410 51.09640503
51.11297989 51.11291504
51.13106918 51.13101959
51.15136337 51.15130615
51.17268753 51.17266846
51.19617081 51.19614410
51.21821594 51.21820068
51.23319626 51.23319244
51.25860977 51.25857925
51.28977966 51.28979111
51.32207489 51.32210541
51.35698318 51.35699463
51.39349747 51.39353561
51.43088150 51.43091965
51.47210693 51.47213364
51.51706696 51.51703644
51.56505966 51.56504822
51.61476135 51.61478043
51.66566086 51.66563797
51.71919250 51.71918488
51.77321243 51.77320480
51.82652664 51.82652664
51.88282013 51.88277817
51.94048309 51.94049072
51.99702454 51.99700165
52.05629730 52.05630493
52.11589050 52.11592865
52.17346191 52.17346191
52.22734070 52.22734833
52.27249146 52.27248383
52.33226013 52.33227158
52.38638687 52.38639069
52.44741058 52.44741821
52.51119995 52.51121902
52.57625198 52.57627869
52.64658737 52.64658356
52.71733856 52.71728897
52.79083252 52.79080200
52.86269379 52.86271667
52.93697357 52.93699265
53.01315308 53.01318741
53.09203339 53.09204102
53.17019653 53.17023468
53.24874496 53.24879074
53.32719421 53.32722473
53.40224075 53.40224838
53.48440552 53.48437881
53.56881332 53.56881714
53.65065765 53.65064240
53.73200607 53.73200989
53.81389236 53.81389618
53.89700699 53.89701462
53.97883987 53.97883224
54.05847168 54.05850983
54.13100433 54.13103104
54.21186066 54.21189880
54.29281235 54.29287720
54.37256622 54.37257385
54.45454407 54.45461273
54.53275299 54.53280258
54.61489868 54.61495590
54.69462585 54.69465637
54.77794647 54.77796173
54.85927963 54.85926056
54.93800735 54.93803024
55.01731873 55.01731873
55.09382629 55.09382248
55.17419052 55.17417526
55.25340652 55.25342941
55.32954788 55.32952881
55.40775681 55.40773010
55.48500824 55.48498154
55.56036758 55.56037140
55.63915634 55.63916779
55.71598053 55.71598816
55.78929901 55.78929520
55.86365891 55.86370087
55.93850327 55.93852997
56.01301193 56.01306915
56.08403015 56.08409500
56.15586853 56.15590286
56.22759628 56.22761154
56.29814911 56.29813004
56.36851120 56.36854553
56.43254089 56.43255234
56.49375534 56.49376297
56.55888748 56.55888748
56.62548828 56.62550735
56.69215012 56.69213867
56.75961304 56.75964737
56.82283783 56.82286835
56.88845444 56.88845444
56.95196533 56.95196533
57.01514816 57.01519394
57.08043671 57.08045959
57.14494705 57.14494705
57.20805740 57.20806885
57.26981735 57.26978683
57.32949448 57.32949066
57.39074326 57.39075089
57.45101547 57.45103073
57.51227951 57.51231766
57.57036591 57.57040405
57.62697601 57.62699509
57.68568039 57.68568039
57.74147034 57.74144363
57.79901505 57.79903793
57.85300827 57.85303497
57.90847778 57.90849304
57.96413422 57.96413422
58.01802444 58.01802063
58.07004547 58.07004166
58.12251663 58.12253952
58.17364120 58.17363358
58.22438431 58.22441101
58.27552414 58.27552414
58.32568359 58.32569504
58.37612915 58.37614441
58.42416763 58.42420578
58.47444153 58.47447586
58.52220154 58.52219772
58.57140350 58.57145309
58.61727524 58.61728668
58.66399002 58.66398621
58.70912552 58.70912552
58.75556564 58.75561142
58.80218124 58.80221939
58.84624100 58.84627151
58.89249802 58.89253235
58.93521881 58.93524933
58.97961044 58.97962570
59.02246857 59.02246857
59.06708145 59.06708145
59.11051559 59.11050034
59.15412140 59.15412140
59.19512177 59.19512558
59.23600388 59.23602295
59.27821732 59.27823639
59.31927872 59.31930542
59.35948563 59.35954285
59.39865875 59.39867783
59.43747711 59.43745422
59.47633743 59.47633362
59.51566696 59.51569366
59.55408478 59.55411148
59.59128571 59.59129715
59.62967682 59.62967682
59.66424561 59.66424179
59.69977188 59.69979477
59.73573685 59.73574448
59.77253342 59.77250671
59.80761337 59.80758667
59.84461975 59.84461594
59.87833786 59.87832642
59.91204453 59.91204453
59.94531631 59.94528198
59.98173141 59.98172760
60.01562881 60.01565170
60.04998398 60.04997635
60.08501816 60.08502960
60.11828232 60.11827469
60.15151596 60.15152359
60.18432617 60.18435287
60.21659851 60.21660614
60.24943924 60.24943542
60.28290558 60.28290176
60.31669617 60.31668854
60.34784317 60.34784317
60.38173676 60.38174057
60.41378784 60.41379166
60.44556427 60.44557571
60.47744751 60.47745132
60.50793839 60.50796890
60.54255676 60.54256821
60.57277679 60.57278061
60.60483551 60.60485458
60.63639450 60.63640976
60.66723633 60.66724014
60.69886017 60.69889069
60.72996521 60.72998810
60.76093292 60.76095581
60.79138947 60.79138184
60.82218552 60.82217789
60.85340500 60.85340118
60.88209915 60.88209915
60.91164398 60.91162491
60.94135284 60.94132996
60.97086716 60.97083664
60.99905014 60.99903107
61.02832031 61.02832031
61.05693817 61.05694580
61.08584213 61.08585358
61.11608505 61.11607742
61.14373398 61.14371109
61.17051697 61.17049789
61.19956589 61.19955826
61.22735977 61.22735214
61.25485992 61.25482178
61.28394318 61.28393936
61.31230927 61.31229401
61.33944702 61.33941269
61.36807251 61.36805725
61.39640808 61.39640045
61.42374039 61.42373276
61.45084763 61.45084000
61.47826004 61.47824097
61.50482559 61.50476837
61.53200912 61.53200531
61.56117630 61.56116104
61.58651352 61.58651352
61.61415100 61.61410522
61.64115143 61.64112091
61.66711044 61.66710663
61.69403076 61.69401550
61.72117615 61.72115326
61.74731445 61.74729156
61.77328491 61.77325058
61.79976654 61.79975510
61.82699203 61.82700729
61.85118866 61.85120392
61.87938690 61.87940598
61.90380859 61.90379715
61.93190002 61.93189240
61.95637894 61.95638275
61.98149872 61.98146820
62.00688171 62.00688553
62.03125381 62.03124619
62.05789566 62.05787659
62.08336258 62.08338547
62.10958862 62.10957336
62.13372421 62.13372803
62.15964508 62.15964508
62.18413544 62.18412781
62.20893097 62.20890045
62.23383713 62.23381805
62.25859833 62.25861740
62.28097534 62.28099060
62.30541611 62.30540085
62.33111191 62.33113861
62.35652924 62.35654449
62.38108444 62.38111496
62.40610504 62.40610504
62.43170929 62.43174744
62.45593262 62.45594406
62.47932434 62.47933197
62.50336075 62.50336838
62.52709579 62.52711487
62.55322647 62.55324554
62.57804871 62.57804489
62.60034180 62.60036469
62.62563705 62.62564087
62.64907074 62.64908981
62.67177963 62.67177200
62.69581223 62.69583511
62.72232437 62.72232437
62.74577713 62.74576569
62.77063751 62.77065659
62.79454422 62.79454422
62.81744003 62.81748581
62.84290695 62.84289551
62.86507034 62.86507416
62.88769150 62.88771439
62.91238785 62.91239548
62.93452454 62.93453979
62.95990372 62.95993042
62.98402023 62.98402786
63.00601959 63.00601578
63.03202820 63.03204727
63.05666733 63.05668640
63.07916641 63.07918930
63.10498810 63.10503006
63.12758255 63.12760162
63.15169144 63.15169525
63.17359924 63.17361832
63.19705582 63.19708633
63.22094345 63.22097397
63.24633789 63.24636841
63.27242661 63.27242661
63.29642868 63.29645538
63.32069016 63.32072449
63.34384918 63.34386444
63.36944199 63.36948013
63.39225388 63.39227676
63.41564941 63.41566849
63.43861389 63.43866730
63.46340561 63.46344757
63.48812103 63.48814392
63.51152420 63.51154327
63.53536224 63.53536987
63.56085205 63.56088257
63.58587265 63.58588409
63.60930634 63.60934830
63.63330841 63.63334656
63.65580368 63.65583420
63.67886353 63.67890167
63.70405579 63.70408249
63.72712708 63.72714233
63.74882126 63.74884796
63.77439117 63.77441788
63.79926682 63.79927444
63.82162094 63.82165909
63.84319687 63.84323120
63.86824799 63.86828995
63.89109802 63.89113998
63.91676331 63.91679764
63.93741989 63.93746185
63.96153259 63.96157837
63.98374176 63.98379898
64.00775146 64.00775909
64.03233337 64.03238678
64.05596161 64.05599213
64.07882690 64.07888031
64.10272980 64.10274506
64.12681580 64.12684631
64.14924622 64.14927673
64.17308044 64.17309570
64.19709778 64.19712067
64.21958923 64.21963501
64.24401093 64.24404907
64.26718140 64.26722717
64.29090118 64.29096985
64.31502533 64.31506348
64.33532715 64.33534241
64.35923767 64.35927582
64.38195038 64.38197327
64.40682983 64.40687561
64.42967987 64.42973328
64.45146942 64.45151520
64.47432709 64.47438049
64.49578857 64.49583435
64.51793671 64.51795197
64.54093170 64.54096222
64.56301117 64.56304932
64.58695984 64.58698273
64.60799408 64.60804749
64.63207245 64.63209534
64.65515137 64.65518951
64.67810822 64.67818451
64.70060730 64.70065308
64.72422028 64.72426605
64.74617767 64.74621582
64.76645660 64.76652527
64.79108429 64.79112244
64.81064606 64.81069183
64.83561707 64.83561707
64.85600281 64.85604095
64.87915039 64.87916565
64.90104675 64.90108490
64.92288208 64.92292023
64.94419098 64.94421387
64.96640015 64.96643829
64.99090576 64.99093628
65.01352692 65.01351166
65.03253174 65.03254700
65.05620575 65.05625153
65.07801819 65.07807922
65.09892273 65.09893799
65.12087250 65.12091064
65.14253235 65.14257050
65.16585541 65.16586304
65.18540192 65.18543243
65.20723724 65.20729065
65.22933197 65.22938538
65.25088501 65.25092316
65.27379608 65.27382660
65.29528809 65.29530334
65.31791687 65.31794739
65.33824158 65.33826447
65.35838318 65.35840607
65.37898254 65.37897491
65.39907074 65.39911652
65.41889191 65.41892242
65.44007111 65.44010925
65.46002197 65.46009064
65.48116302 65.48118591
65.50187683 65.50192261
65.52222443 65.52223969
65.54200745 65.54202271
65.56153870 65.56158447
65.58198547 65.58202362
65.60364532 65.60369110
65.62430573 65.62437439
65.64620209 65.64627075
65.66375732 65.66378784
65.68600464 65.68605804
65.70579529 65.70581055
65.72697449 65.72698975
65.74709320 65.74713135
65.76615143 65.76615143
65.78784943 65.78789520
65.80719757 65.80725098
65.82682037 65.82683563
65.84744263 65.84747314
65.86709595 65.86717224
65.88632202 65.88638306
65.90711212 65.90715790
65.92684937 65.92684937
65.94616699 65.94620514
65.96709442 65.96712494
65.98571014 65.98574066
66.00579071 66.00582886
66.02539825 66.02542877
66.04404449 66.04412079
66.06313324 66.06316376
66.08332062 66.08335876
66.10304260 66.10306549
66.12200928 66.12201691
66.14341736 66.14344025
66.16170502 66.16173553
66.18241882 66.18245697
66.20113373 66.20118713
66.22179413 66.22185516
66.24190521 66.24194336
66.25971985 66.25978088
66.27884674 66.27890015
66.30048370 66.30049896
66.31914520 66.31914520
66.33672333 66.33674622
66.35704803 66.35706329
66.37547302 66.37550354
66.39414215 66.39416504
66.41344452 66.41349030
66.43147278 66.43150330
66.44938660 66.44944000
66.46802521 66.46803284
66.48663330 66.48664856
66.50343323 66.50344849
66.52249146 66.52255249
66.53903961 66.53907013
66.55664825 66.55665588
66.57381439 66.57381439
66.59412384 66.59413910
66.61042023 66.61045074
66.63121033 66.63122559
66.64834595 66.64834595
66.66727448 66.66730499
66.68362427 66.68366241
66.70082092 66.70085144
66.71981812 66.71982574
66.73690033 66.73690796
66.75444031 66.75447083
66.77332306 66.77333832
66.79044342 66.79048920
66.80745697 66.80746460
66.82337952 66.82340240
66.84283447 66.84284210
66.86104584 66.86107635
66.87878418 66.87879944
66.89553833 66.89556122
66.91567993 66.91571808
66.93196106 66.93197632
66.94990540 66.94994354
66.96579742 66.96587372
66.98291779 66.98294067
67.00098419 67.00099945
67.01790619 67.01795197
67.03321838 67.03323364
67.05100250 67.05104828
67.06788635 67.06793976
67.08586121 67.08587646
67.10237885 67.10243988
67.11872101 67.11874390
67.13581848 67.13585663
67.14973450 67.14974213
67.17007446 67.17006683
67.18772888 67.18773651
67.20397186 67.20397949
67.22112274 67.22112274
67.23614502 67.23612213
67.25366974 67.25367737
67.26931763 67.26931763
67.28682709 67.28684998
67.30337524 67.30335999
67.32032776 67.32037354
67.33380890 67.33385468
67.35131073 67.35132599
67.36640930 67.36644745
67.38294983 67.38298798
67.40145111 67.40145111
67.41734314 67.41733551
67.43579865 67.43582916
67.44883728 67.44884491
67.46478271 67.46480560
67.48246002 67.48249054
67.49974823 67.49977875
67.51399231 67.51402283
67.53118134 67.53120422
67.54658508 67.54658508
67.56138611 67.56136322
67.57792664 67.57793427
67.59367371 67.59369659
67.60864258 67.60865784
67.62377167 67.62374878
67.64042664 67.64042664
67.65540314 67.65544128
67.67199707 67.67201233
67.68831635 67.68833923
67.70153046 67.70158386
67.71984863 67.71988678
67.73794556 67.73790741
67.75271606 67.75271606
67.76839447 67.76843262
67.78407288 67.78409576
67.79943848 67.79943848
67.81285095 67.81283569
67.82904053 67.82904053
67.84367371 67.84365082
67.86041260 67.86042786
67.87464142 67.87464142
67.88851929 67.88851929
67.90287781 67.90289307
67.91786194 67.91786194
67.93431854 67.93434906
67.94850159 67.94849396
67.96259308 67.96253204
67.97748566 67.97747803
67.99461365 67.99462128
68.00869751 68.00869751
68.02338409 68.02339172
68.03747559 68.03743744
68.05344391 68.05345154
68.07145691 68.07145691
68.08544159 68.08545685
68.10218811 68.10222626
68.11637115 68.11638641
68.12990570 68.12991333
68.14603424 68.14602661
68.16116333 68.16117096
68.17635345 68.17634583
68.19117737 68.19120026
68.20678711 68.20680237
68.22219849 68.22222137
68.23628998 68.23630524
68.25065613 68.25069427
68.26320648 68.26317596
68.27653503 68.27653503
68.29159546 68.29161072
68.30396271 68.30400848
68.31917572 68.31921387
68.33352661 68.33356476
68.34857941 68.34855652
68.36407471 68.36403656
68.37815094 68.37815857
68.39413452 68.39418030
68.40798187 68.40800476
68.42154694 68.42154694
68.43817902 68.43820190
68.45112610 68.45111084
68.46542358 68.46541595
68.48069763 68.48068237
68.49359894 68.49362183
68.50627136 68.50626373
68.52165985 68.52167511
68.53691864 68.53689575
68.54992676 68.54992676
68.56369781 68.56367493
68.57794189 68.57796478
68.59458923 68.59460449
68.60594177 68.60595703
68.62107849 68.62107086
68.63453674 68.63452911
68.64950562 68.64953613
68.66327667 68.66326904
68.67666626 68.67666626
68.68965149 68.68967438
68.70553589 68.70554352
68.72068024 68.72070312
68.73443604 68.73442841
68.74840546 68.74839783
68.76209259 68.76210022
68.78013611 68.78011322
68.78940582 68.78939819
68.80300140 68.80297852
68.81580353 68.81582642
68.83138275 68.83137512
68.84419250 68.84421539
68.85939789 68.85940552
68.87262726 68.87259674
68.88322449 68.88322449
68.89917755 68.89918518
68.91136932 68.91139221
68.92582703 68.92580414
68.93704224 68.93706512
68.95339203 68.95336151
68.96659851 68.96658325
68.97961426 68.97962952
68.99172974 68.99170685
69.00544739 69.00543976
69.01746368 69.01747131
69.03273010 69.03276062
69.04672241 69.04673767
69.05873108 69.05876160
69.07335663 69.07337189
69.08849335 69.08854675
69.10226440 69.10227203
69.11277771 69.11273956
69.12784576 69.12786865
69.14088440 69.14084625
69.15319824 69.15322876
69.16621399 69.16625214
69.17982483 69.17979431
69.19103241 69.19107056
69.20672607 69.20670319
69.22012329 69.22011566
69.23351288 69.23353577
69.24623108 69.24623108
69.25956726 69.25958252
69.27233124 69.27233887
69.28368378 69.28368378
69.29626465 69.29623413
69.31011200 69.31007385
69.32363892 69.32361603
69.33562469 69.33557892
69.34891510 69.34893036
69.36224365 69.36222076
69.37399292 69.37399292
69.38852692 69.38855743
69.40065002 69.40067291
69.41471863 69.41475677
69.42705536 69.42704773
69.44064331 69.44064331
69.45224762 69.45223999
69.46643829 69.46646881
69.47960663 69.47959900
69.49358368 69.49359131
69.50632477 69.50634766
69.51866150 69.51865387
69.53221130 69.53224182
69.54370880 69.54373169
69.55856323 69.55858612
69.56893158 69.56894684
69.58511353 69.58512115
69.59700775 69.59701538
69.60744476 69.60745239
69.62172699 69.62172699
69.63640594 69.63639069
69.64760590 69.64759827
69.65966034 69.65966797
69.67000580 69.66996765
69.68334961 69.68337250
69.69448853 69.69451904
69.70850372 69.70848846
69.72161102 69.72164154
69.73316956 69.73316193
69.74701691 69.74700165
69.75911713 69.75912476
69.77293396 69.77294159
69.78492737 69.78495789
69.79498291 69.79498291
69.80715179 69.80720520
69.81993103 69.81990814
69.83252716 69.83254242
69.84477997 69.84478760
69.85643005 69.85643005
69.86968231 69.86966705
69.88143921 69.88145447
69.89144897 69.89143372
69.90486145 69.90489197
69.91906738 69.91905975
69.92951965 69.92954254
69.94339752 69.94338989
69.95300293 69.95301819
69.96598053 69.96601105
69.97936249 69.97935486
69.98826599 69.98828125
70.00248718 70.00252533
70.01342773 70.01345825
70.02522278 70.02521515
70.03690338 70.03689575
70.04940033 70.04942322
70.06004333 70.06006622
70.07231903 70.07231903
70.08234406 70.08238220
70.09505463 70.09506989
70.10550690 70.10552216
70.11800385 70.11798859
70.13240051 70.13243103
70.14367676 70.14369965
70.15506744 70.15509033
70.16496277 70.16497803
70.17815399 70.17821503
70.19003296 70.19004822
70.20137024 70.20137024
70.21315002 70.21317291
70.22289276 70.22286987
70.23567963 70.23567963
70.24591827 70.24593353
70.25667572 70.25671387
70.26641846 70.26644897
70.28036499 70.28036499
70.29064178 70.29061127
70.30153656 70.30152893
70.31311798 70.31313324
70.32514191 70.32516479
70.33934021 70.33934021
70.34855652 70.34848785
70.36048889 70.36049652
70.37058258 70.37054443
70.38054657 70.38053894
70.39413452 70.39411926
70.40591431 70.40591431
70.41748047 70.41751862
70.43033600 70.43033600
70.44178009 70.44182587
70.45341492 70.45342255
70.46531677 70.46531677
70.47637939 70.47636414
70.48937988 70.48940277
70.49735260 70.49735260
70.51078796 70.51081085
70.52357483 70.52355194
70.53579712 70.53577423
70.54476929 70.54476166
70.55460358 70.55458832
70.56623077 70.56623077
70.57649231 70.57650757
70.58848572 70.58850861
70.60157776 70.60157013
70.60998535 70.60993195
70.62367249 70.62368774
70.63231659 70.63231659
70.64586639 70.64585876
70.65620422 70.65619659
70.66636658 70.66637421
70.67886353 70.67884064
70.68851471 70.68849182
70.70178986 70.70179749
70.71146393 70.71144104
70.72283173 70.72283936
70.73656464 70.73651886
70.74591064 70.74594116
70.75681305 70.75679016
70.76749420 70.76747131
70.77715302 70.77716064
70.78883362 70.78878021
70.79870605 70.79875946
70.81017303 70.81018829
70.81985474 70.81985474
70.83421326 70.83419037
70.84315491 70.84313202
70.85441589 70.85443115
70.86244202 70.86241913
70.87387848 70.87390137
70.88647461 70.88647461
70.89632416 70.89631653
70.90805054 70.90806580
70.91702271 70.91703033
70.92901611 70.92900848
70.94077301 70.94075012
70.95037079 70.95035553
70.96250153 70.96250153
70.97132111 70.97129822
70.98145294 70.98144531
70.99075317 70.99074554
71.00327301 71.00326538
71.01225281 71.01222992
71.02172089 71.02172852
71.03073883 71.03075409
71.04437256 71.04436493
71.05416870 71.05416870
71.06523895 71.06525421
71.07584381 71.07586670
71.08721161 71.08718872
71.09804535 71.09805298
71.10713959 71.10712433
71.11901093 71.11900330
71.12841797 71.12839508
71.13771057 71.13771820
71.14978790 71.14976501
71.15710449 71.15709686
71.16766357 71.16763306
71.17749786 71.17755127
71.18951416 71.18953705
71.19921112 71.19921112
71.20844269 71.20846558
71.21923065 71.21923828
71.22618103 71.22616577
71.23899078 71.23898315
71.24890900 71.24888611
71.25588226 71.25588989
71.26404572 71.26400757
71.27815247 71.27815247
71.28594971 71.28595734
71.29402161 71.29402161
71.30612183 71.30615234
71.31650543 71.31647491
71.32537079 71.32534790
71.33432770 71.33433533
71.34455109 71.34452820
71.35778046 71.35778046
71.36473846 71.36476135
71.37625885 71.37623596
71.38547516 71.38548279
71.39740753 71.39736938
71.40708160 71.40707397
71.41443634 71.41444397
71.42511749 71.42510223
71.43636322 71.43636322
71.44564819 71.44564819
71.45570374 71.45568848
71.46672821 71.46670532
71.47611237 71.47612000
71.48605347 71.48608398
71.49571228 71.49569702
71.50692749 71.50694275
71.51765442 71.51765442
71.52909088 71.52910614
71.53562164 71.53559113
71.54707336 71.54707336
71.55898285 71.55900574
71.56788635 71.56786346
71.58042908 71.58046722
71.58876801 71.58877563
71.59991455 71.59992218
71.61096954 71.61097717
71.61979675 71.61978149
71.62914276 71.62912750
71.64099884 71.64101410
71.64812469 71.64813232
71.66163635 71.66165161
71.67068481 71.67067719
71.67975616 71.67977142
71.68850708 71.68848419
71.69685364 71.69686127
71.70693207 71.70688629
71.71650696 71.71647644
71.72740936 71.72738647
71.73658752 71.73655701
71.74555969 71.74553680
71.75730133 71.75728607
71.76381683 71.76381683
71.77589417 71.77587128
71.78446960 71.78447723
71.79455566 71.79452515
71.80417633 71.80417633
71.81124878 71.81121826
71.82042694 71.82039642
71.82743073 71.82739258
71.83720398 71.83724213
71.84756470 71.84754944
71.85787201 71.85785675
71.86988831 71.86988068
71.87830353 71.87828827
71.88769531 71.88770294
71.89948273 71.89945984
71.90702057 71.90695953
71.91693878 71.91694641
71.92726135 71.92726898
71.93472290 71.93471527
71.94300079 71.94300079
71.95277405 71.95275879
71.96339417 71.96341705
71.97177887 71.97176361
71.98037720 71.98037720
71.98923492 71.98919678
71.99514008 71.99514771
72.00678253 72.00673676
72.01680756 72.01678467
72.02375031 72.02370453
72.03440857 72.03440857
72.04407501 72.04407501
72.05128479 72.05125427
72.06117249 72.06117249
72.07373810 72.07373810
72.08135223 72.08134460
72.09080505 72.09078217
72.10025024 72.10022736
72.10857391 72.10855103
72.11593628 72.11592865
72.12731171 72.12728119
72.13417053 72.13414764
72.14579010 72.14579773
72.15414429 72.15412140
72.16169739 72.16169739
72.17145538 72.17144775
72.18156433 72.18153381
72.18987274 72.18981934
72.19908142 72.19905853
72.21076202 72.21075439
72.21658325 72.21659851
72.23032379 72.23030853
72.23633575 72.23634338
72.24568939 72.24569702
72.25315857 72.25315857
72.26184845 72.26183319
72.26906586 72.26905823
72.27901459 72.27899933
72.28971100 72.28970337
72.29617310 72.29615784
72.30563354 72.30564117
72.31716919 72.31718445
72.32279205 72.32280731
72.33342743 72.33343506
72.34009552 72.34009552
72.34809875 72.34810638
72.35728455 72.35730743
72.36590576 72.36588287
72.37686157 72.37689209
72.38594818 72.38592529
72.39504242 72.39504242
72.40280151 72.40277863
72.41091156 72.41091156
72.41899872 72.41899109
72.42645264 72.42643738
72.43787384 72.43785095
72.44887543 72.44889832
72.45565033 72.45568085
72.46395874 72.46395874
72.47273254 72.47272491
72.48248291 72.48242950
72.49169159 72.49168396
72.50015259 72.50012970
72.50930786 72.50929260
72.51610565 72.51609802
72.52502441 72.52500916
72.53285217 72.53280640
72.54054260 72.54052734
72.55147552 72.55148315
72.55777740 72.55774689
72.56729126 72.56726837
72.57775879 72.57774353
72.58664703 72.58659363
72.59497833 72.59497833
72.60289764 72.60290527
72.61106873 72.61106873
72.61978149 72.61976624
72.62895966 72.62893677
72.63844299 72.63838196
