30.36590004 30.36589622
30.77611351 30.77611160
31.24546051 31.24546814
31.67338371 31.67338181
32.05895615 32.05896378
32.41682434 32.41682816
32.75766754 32.75767517
33.08750534 33.08750153
33.41175461 33.41176605
33.73402786 33.73402786
34.05472565 34.05471802
34.37712479 34.37712860
34.70180893 34.70180511
35.02939606 35.02939987
35.36262512 35.36263275
35.70003510 35.70002365
36.04213715 36.04215622
36.38897324 36.38896561
36.74147415 36.74148560
37.09860992 37.09862900
37.46197891 37.46196747
37.82846451 37.82846832
38.19964981 38.19964981
38.57567978 38.57569122
38.95557404 38.95558929
39.33834076 39.33834839
39.72311020 39.72311783
40.10888672 40.10889816
40.49649811 40.49647141
40.88273239 40.88274002
41.26907349 41.26908112
41.65332413 41.65330887
42.03225708 42.03226089
42.40372086 42.40371704
42.76805878 42.76806259
43.12139511 43.12142563
43.46273041 43.46271133
43.78823853 43.78827667
44.09712601 44.09713745
44.38809204 44.38808441
44.65794373 44.65793228
44.90692139 44.90692520
45.13372421 45.13372421
45.33840942 45.33842087
45.52095795 45.52094650
45.68371201 45.68371582
45.82556152 45.82558060
45.94906998 45.94908142
46.05739212 46.05737305
46.15098572 46.15098953
46.23101044 46.23102570
46.29886627 46.29890823
46.35613251 46.35612488
46.40489960 46.40487289
46.44824600 46.44824982
46.48482513 46.48481750
46.51561356 46.51558685
46.54326630 46.54326248
46.56715393 46.56719589
46.58748627 46.58747864
46.60673523 46.60676193
46.62437057 46.62435532
46.63951874 46.63950348
46.65222168 46.65219879
46.66362762 46.66364288
46.67422867 46.67424011
46.68424225 46.68423843
46.69388962 46.69391632
46.70283508 46.70285034
46.71166992 46.71168900
46.71918869 46.71917725
46.72771835 46.72770691
46.73406982 46.73408508
46.74105072 46.74102020
46.74564362 46.74565125
46.75151062 46.75150681
46.75842667 46.75842285
46.76404190 46.76404572
46.76950455 46.76949692
46.77425766 46.77426529
46.77988434 46.77989960
46.78433990 46.78432465
46.78842545 46.78842545
46.79179001 46.79180145
46.79526520 46.79527283
46.79980469 46.79980087
46.80297089 46.80298233
46.80746078 46.80746078
46.81111145 46.81112671
46.81426620 46.81424713
46.81772232 46.81773758
46.81998444 46.81999588
46.82308960 46.82310867
46.82633591 46.82635117
46.83006668 46.83007050
46.83284378 46.83282471
46.83642578 46.83643341
46.83888245 46.83889771
46.84191513 46.84191132
46.84652328 46.84653473
46.84930038 46.84927750
46.85220718 46.85220718
46.85400391 46.85400391
46.85660934 46.85660934
46.85954285 46.85953140
46.86132050 46.86129379
46.86419678 46.86421585
46.86691666 46.86689377
46.86906052 46.86906815
46.87120438 46.87117386
46.87276077 46.87273788
46.87512207 46.87512970
46.87713242 46.87714386
46.87923813 46.87924194
46.88154221 46.88153839
46.88367462 46.88368607
46.88589096 46.88593292
46.88916016 46.88915253
46.88985825 46.88986206
46.89192963 46.89192200
46.89339066 46.89339828
46.89565659 46.89566803
46.89761353 46.89761353
46.90048599 46.90047073
46.90225220 46.90223694
46.90385818 46.90386581
46.90456390 46.90455246
46.90755463 46.90754318
46.90805054 46.90802383
46.90998840 46.90998077
46.91150665 46.91150284
46.91274643 46.91273880
46.91456604 46.91455078
46.91576004 46.91575241
46.91738892 46.91739273
46.91825485 46.91822052
46.91906357 46.91903687
46.92012024 46.92010498
46.92258453 46.92256927
46.92421722 46.92421722
46.92461395 46.92463684
46.92571640 46.92572021
46.92720413 46.92720413
46.92808914 46.92809677
46.92854309 46.92855835
46.92937851 46.92939377
46.93074799 46.93074417
46.93228531 46.93228149
46.93323517 46.93321609
46.93447113 46.93449783
46.93486404 46.93487549
46.93622971 46.93624115
46.93729019 46.93732071
46.93783951 46.93785477
46.93774796 46.93774796
46.93958664 46.93960571
46.93979263 46.93981552
46.94102478 46.94102859
46.94173050 46.94173050
46.94281006 46.94280624
46.94391632 46.94393539
46.94511795 46.94513321
46.94562531 46.94562531
46.94678879 46.94679260
46.94876099 46.94876099
46.94918442 46.94918442
46.94934845 46.94935608
46.95028687 46.95029449
46.95159531 46.95158768
46.95208359 46.95207977
46.95382309 46.95382309
46.95572662 46.95573425
46.95633698 46.95635986
46.95695496 46.95693588
46.95743179 46.95742798
46.95864487 46.95866394
46.96104050 46.96102905
46.96174622 46.96175766
46.96170807 46.96171188
46.96285629 46.96287155
46.96459579 46.96459198
46.96585083 46.96585464
46.96638107 46.96636200
46.96650314 46.96651459
46.96787643 46.96784210
46.96910858 46.96907806
46.96972656 46.96970749
46.97019577 46.97018051
46.97080612 46.97077560
46.97190475 46.97188568
46.97237396 46.97234726
46.97366714 46.97364426
46.97336960 46.97336960
46.97438431 46.97438812
46.97496796 46.97494507
46.97547150 46.97546387
46.97673035 46.97670746
46.97566223 46.97562790
46.97640991 46.97639465
46.97721100 46.97719193
46.97843170 46.97843170
46.97879791 46.97879028
46.97812271 46.97812271
46.97836685 46.97837448
46.97914886 46.97911835
46.97866058 46.97864151
46.97896957 46.97898102
46.98053360 46.98054886
46.98067093 46.98067856
46.98069382 46.98068237
46.98154068 46.98151779
46.98258591 46.98256683
46.98335648 46.98333359
46.98385620 46.98384094
46.98374939 46.98373413
46.98288727 46.98287964
46.98278046 46.98281097
46.98416901 46.98416901
46.98438644 46.98439407
46.98468018 46.98468018
46.98479462 46.98479080
46.98437119 46.98435211
46.98509979 46.98509598
46.98513794 46.98511887
46.98533249 46.98530579
46.98604202 46.98602295
46.98648834 46.98647308
46.98662567 46.98662186
46.98636627 46.98636627
46.98752975 46.98751450
46.98768234 46.98765564
46.98821259 46.98821640
46.98889160 46.98889160
46.98875809 46.98876190
46.98863602 46.98865509
46.98856735 46.98857498
46.98836899 46.98837662
46.98765182 46.98766327
46.98795700 46.98795700
46.98807144 46.98806763
46.98855591 46.98855209
46.98902893 46.98901367
46.98955917 46.98956299
46.98993301 46.98991394
46.98993301 46.98991013
46.98971939 46.98970795
46.99012375 46.99009705
46.99033356 46.99031830
46.99065018 46.99061966
46.98985291 46.98982620
46.98989105 46.98986435
46.99016571 46.99015045
46.99098206 46.99096298
46.99123001 46.99121857
46.99048233 46.99046707
46.99093628 46.99092102
46.99053574 46.99053192
46.99095917 46.99095535
46.99145508 46.99143982
46.99268723 46.99268341
46.99144363 46.99144745
46.99085236 46.99084473
46.99045563 46.99044800
46.99008179 46.99005508
46.99068451 46.99065781
46.99042130 46.99037933
46.99095917 46.99093628
46.99236679 46.99233627
46.99176025 46.99174118
46.99163055 46.99161911
46.99122620 46.99120331
46.99209213 46.99207687
46.99297714 46.99296570
46.99217224 46.99216080
46.99246597 46.99244308
46.99311066 46.99309158
46.99314880 46.99312210
46.99272156 46.99270630
46.99385071 46.99383163
46.99462891 46.99460983
46.99464035 46.99460983
46.99420166 46.99417496
46.99361038 46.99359894
46.99381638 46.99380875
46.99433136 46.99430466
46.99440002 46.99436951
46.99378204 46.99375153
46.99437332 46.99434280
46.99477005 46.99475479
46.99415588 46.99414444
46.99488831 46.99486923
46.99439621 46.99437714
46.99435425 46.99433136
46.99482346 46.99478912
46.99565125 46.99561691
46.99590302 46.99586487
46.99544525 46.99538803
46.99490356 46.99485016
46.99625015 46.99620819
46.99662781 46.99658585
46.99792862 46.99789810
46.99856186 46.99854660
46.99764252 46.99761581
46.99681473 46.99679184
46.99792862 46.99790192
46.99801636 46.99800110
46.99789429 46.99789429
46.99802780 46.99799347
46.99783325 46.99781799
46.99822998 46.99821854
46.99821091 46.99820328
46.99838638 46.99837494
46.99856567 46.99856186
46.99811554 46.99810410
46.99876022 46.99874115
46.99793625 46.99793625
46.99814987 46.99814224
46.99830627 46.99830246
46.99916458 46.99914932
46.99971008 46.99971390
46.99995804 46.99994659
46.99980164 46.99978256
47.00003433 47.00001144
46.99998093 46.99996185
47.00003815 47.00001907
47.00088882 47.00084305
47.00114441 47.00111771
47.00077820 47.00073624
47.00090408 47.00088882
47.00131607 47.00130463
47.00128937 47.00127792
47.00136948 47.00133896
47.00038528 47.00037384
47.00107193 47.00105286
47.00096130 47.00094986
47.00150681 47.00149155
47.00214386 47.00212860
47.00152588 47.00151062
47.00150299 47.00147629
47.00091553 47.00088882
47.00166321 47.00163651
47.00228500 47.00226593
47.00238037 47.00235367
47.00262451 47.00259018
47.00218582 47.00217056
47.00161362 47.00159073
47.00355911 47.00354385
47.00359344 47.00358582
47.00347900 47.00346375
47.00400925 47.00399017
47.00334167 47.00332260
47.00252914 47.00251770
47.00295258 47.00294113
47.00250244 47.00249481
47.00344849 47.00344467
47.00368881 47.00368881
47.00426865 47.00426483
47.00422668 47.00422287
47.00342178 47.00342178
47.00353241 47.00353622
47.00258255 47.00258255
47.00357437 47.00357056
47.00347900 47.00347519
47.00256729 47.00256348
47.00379181 47.00378799
47.00391769 47.00391769
47.00397491 47.00397491
47.00435638 47.00435638
47.00385284 47.00385284
47.00416565 47.00415421
47.00395584 47.00393295
47.00359726 47.00358963
47.00397491 47.00396347
47.00410461 47.00409317
47.00402451 47.00399399
47.00403214 47.00400925
47.00477982 47.00477600
47.00456238 47.00454712
47.00470352 47.00469589
47.00466919 47.00465012
47.00471878 47.00469208
47.00472260 47.00468445
47.00535202 47.00531006
47.00495148 47.00492477
47.00437164 47.00433731
47.00434113 47.00430679
47.00465775 47.00461197
47.00487137 47.00485229
47.00450516 47.00447083
47.00447083 47.00445557
47.00515366 47.00512314
47.00469971 47.00467300
47.00474930 47.00472641
47.00413132 47.00410843
47.00461960 47.00459290
47.00518417 47.00516891
47.00535965 47.00534058
47.00531769 47.00529099
47.00535583 47.00533295
47.00654984 47.00653839
47.00543213 47.00542450
47.00606155 47.00604248
47.00483704 47.00483704
47.00526810 47.00525284
47.00493622 47.00492859
47.00469971 47.00469589
47.00515747 47.00513840
47.00491714 47.00490189
47.00466537 47.00465775
47.00428391 47.00428391
47.00469971 47.00468063
47.00350189 47.00349426
47.00379562 47.00379181
47.00341415 47.00340652
47.00403214 47.00402451
47.00430679 47.00429153
47.00448608 47.00447083
47.00502396 47.00500107
47.00490952 47.00490189
47.00551224 47.00549698
47.00532532 47.00531006
47.00487518 47.00486755
47.00560379 47.00559235
47.00561523 47.00561142
47.00560379 47.00560379
47.00565720 47.00566101
47.00544739 47.00542831
47.00598526 47.00596237
47.00443649 47.00440979
47.00526047 47.00523376
47.00516891 47.00514603
47.00487518 47.00485992
47.00518799 47.00518036
47.00575256 47.00571823
47.00518417 47.00515366
47.00503159 47.00501633
47.00518036 47.00515366
47.00429535 47.00426483
47.00509262 47.00506592
47.00516129 47.00514603
47.00433731 47.00430679
47.00476456 47.00474167
47.00506592 47.00504303
47.00555801 47.00553894
47.00528336 47.00525284
47.00538635 47.00535965
47.00528336 47.00526047
47.00601959 47.00600052
47.00609970 47.00607300
47.00586319 47.00584030
47.00574112 47.00571442
47.00576019 47.00574112
47.00619507 47.00616455
47.00538254 47.00536728
47.00658798 47.00656128
47.00680542 47.00678253
47.00580597 47.00579071
47.00582886 47.00581360
47.00530624 47.00529480
47.00573349 47.00570679
47.00632858 47.00630569
47.00659180 47.00656128
47.00621033 47.00618744
47.00596237 47.00594330
47.00569916 47.00567627
47.00569153 47.00565720
47.00556183 47.00551987
47.00653839 47.00649261
47.00618744 47.00616074
47.00565720 47.00562668
47.00627136 47.00624847
47.00644684 47.00642395
47.00595093 47.00592041
47.00625992 47.00623322
47.00562668 47.00561523
47.00576782 47.00575638
47.00688171 47.00687027
47.00713730 47.00712967
47.00630188 47.00628662
47.00716019 47.00713730
47.00770569 47.00769806
47.00740051 47.00738525
47.00708008 47.00706482
47.00807953 47.00806808
47.00750732 47.00749588
47.00737381 47.00736618
47.00696564 47.00695038
47.00780487 47.00780487
47.00742340 47.00741196
47.00720596 47.00719452
47.00770950 47.00770950
47.00770950 47.00770569
47.00663376 47.00661850
47.00771713 47.00770187
47.00685120 47.00683212
47.00791550 47.00789261
47.00676346 47.00674820
47.00720215 47.00717545
47.00719833 47.00717926
47.00673294 47.00671005
47.00827789 47.00826263
47.00699234 47.00698090
47.00636673 47.00635910
47.00668335 47.00666428
47.00634384 47.00630951
47.00623322 47.00621414
47.00696945 47.00695801
47.00721359 47.00720978
47.00684738 47.00682831
47.00665665 47.00665283
47.00695801 47.00696182
47.00631332 47.00630569
47.00689697 47.00690842
47.00699234 47.00699234
47.00767136 47.00766754
47.00771332 47.00770569
47.00786591 47.00786209
47.00785446 47.00785446
47.00658798 47.00657654
47.00767136 47.00766754
47.00727081 47.00725937
47.00699615 47.00698471
47.00685120 47.00684738
47.00677872 47.00677490
47.00824738 47.00823212
47.00834274 47.00834274
47.00790024 47.00788879
47.00710297 47.00709534
47.00747299 47.00748062
47.00685883 47.00686646
47.00617599 47.00618744
47.00663757 47.00663757
47.00717926 47.00718689
47.00674820 47.00675583
47.00745010 47.00745010
47.00773239 47.00774002
47.00743103 47.00744247
47.00765991 47.00767517
47.00781250 47.00781631
47.00725174 47.00724411
47.00704193 47.00704575
47.00664902 47.00665283
47.00666428 47.00666046
47.00750732 47.00750732
47.00753021 47.00752258
47.00788116 47.00786209
47.00731659 47.00730133
47.00776672 47.00775146
47.00744247 47.00742340
47.00701141 47.00699615
47.00683594 47.00680923
47.00672150 47.00669861
47.00683975 47.00683212
47.00640106 47.00639343
47.00664139 47.00663376
47.00617981 47.00617218
47.00609207 47.00608826
47.00613403 47.00612259
47.00546265 47.00544357
47.00642776 47.00642014
47.00652313 47.00651169
47.00665283 47.00662613
47.00547409 47.00546646
47.00672531 47.00672531
47.00676346 47.00674820
47.00807190 47.00806808
47.00749969 47.00749588
47.00775909 47.00774765
47.00655365 47.00653458
47.00695419 47.00691986
47.00679779 47.00675964
47.00726700 47.00723267
47.00739288 47.00737381
47.00741196 47.00739288
47.00653839 47.00651932
47.00706482 47.00704193
47.00783539 47.00780487
47.00804520 47.00801849
47.00756073 47.00754547
47.00741959 47.00738525
47.00676727 47.00674820
47.00698090 47.00695419
47.00694275 47.00691605
47.00694656 47.00691986
47.00729752 47.00728607
47.00737762 47.00735474
47.00754166 47.00751114
47.00819016 47.00817871
47.00910950 47.00909424
47.00934219 47.00932312
47.00941086 47.00939178
47.00964355 47.00963974
47.00867462 47.00865936
47.00807571 47.00806808
47.00735474 47.00733948
47.00779343 47.00778198
47.00749588 47.00748444
47.00733948 47.00732803
47.00687790 47.00686264
47.00679398 47.00677490
47.00817490 47.00814819
47.00873947 47.00871658
47.00855255 47.00852966
47.00870514 47.00868225
47.00786209 47.00783920
47.00779724 47.00778198
47.00668335 47.00666428
47.00716019 47.00714874
47.00780487 47.00777817
47.00694656 47.00692749
47.00728607 47.00728607
47.00775146 47.00772858
47.00769806 47.00767899
47.00768661 47.00767136
47.00809479 47.00808334
47.00838470 47.00835800
47.00824356 47.00822067
47.00860977 47.00857925
47.00865936 47.00863266
47.00819778 47.00817108
47.00798798 47.00796890
47.00698090 47.00696182
47.00695038 47.00691986
47.00735855 47.00733566
47.00707245 47.00704956
47.00734329 47.00733566
47.00796890 47.00795746
47.00829315 47.00829315
47.00836945 47.00835037
47.00831985 47.00831604
47.00774002 47.00771332
47.00770187 47.00767899
47.00841522 47.00839233
47.00856781 47.00856400
47.00831985 47.00830460
47.00827026 47.00824738
47.00841522 47.00839996
47.00862122 47.00860977
47.00875473 47.00873184
47.00804138 47.00800705
47.00858688 47.00856400
47.00855637 47.00854111
47.00839233 47.00838089
47.00814056 47.00812149
47.00757980 47.00755692
47.00820160 47.00817108
47.00810623 47.00808334
47.00804520 47.00802612
47.00793839 47.00791931
47.00767136 47.00765228
47.00770187 47.00767899
47.00803375 47.00801086
47.00800705 47.00798798
47.00878906 47.00877380
47.00921249 47.00918961
47.00927734 47.00925446
47.00895309 47.00893402
47.00847244 47.00845718
47.00848007 47.00846481
47.00882339 47.00879669
47.00889587 47.00886154
47.00849915 47.00846863
47.00782394 47.00780106
47.00856018 47.00853729
47.00990295 47.00988007
47.00950623 47.00948334
47.00906754 47.00903320
47.00943375 47.00941467
47.01022720 47.01020813
47.00939178 47.00935364
47.00867844 47.00865173
47.00893021 47.00890350
47.00959015 47.00957108
47.00933456 47.00930786
47.00878906 47.00877380
47.00938034 47.00935364
47.00883102 47.00881195
47.00935364 47.00932693
47.00944901 47.00941467
47.00883484 47.00880432
47.00878906 47.00875854
47.00891113 47.00888824
47.00837708 47.00834656
47.00908279 47.00905991
47.00883484 47.00881577
47.00925446 47.00922394
47.00865173 47.00864792
47.00973511 47.00970840
47.00929642 47.00926971
47.00871658 47.00868988
47.00799561 47.00797272
47.00817108 47.00814819
47.00732040 47.00730133
47.00918961 47.00917435
47.00868607 47.00865936
47.00915527 47.00914764
47.00867844 47.00866699
47.00866318 47.00864029
47.00851440 47.00849915
47.00797653 47.00796127
47.00864410 47.00863647
47.00860596 47.00858688
47.00910568 47.00909424
47.00903702 47.00902557
47.00844574 47.00843430
47.00872421 47.00871658
47.00862122 47.00860977
47.00820923 47.00819397
47.00861740 47.00858688
47.00926208 47.00923920
47.00964737 47.00963974
47.00845718 47.00843048
47.00882339 47.00880432
47.00825119 47.00822830
47.00805664 47.00802994
47.00737381 47.00736237
47.00745010 47.00741577
47.00806046 47.00804138
47.00876236 47.00875854
47.00841522 47.00838852
47.00833511 47.00830841
47.00855637 47.00855255
47.00799179 47.00796127
47.00833511 47.00831604
47.00796890 47.00795746
47.00764465 47.00762558
47.00830078 47.00828552
47.00886154 47.00885010
47.00876617 47.00876617
47.00900650 47.00900269
47.00806808 47.00806808
47.00829315 47.00828552
47.00860977 47.00859833
47.00841522 47.00839996
47.00866699 47.00865173
47.00819016 47.00819016
47.00854492 47.00854874
47.00727844 47.00727463
47.00754547 47.00752640
47.00769043 47.00768280
47.00815582 47.00814819
47.00894547 47.00893784
47.00846100 47.00845718
47.00835037 47.00833511
47.00829697 47.00827789
47.00802612 47.00802231
47.00743103 47.00742722
47.00829315 47.00827789
47.00783539 47.00781631
47.00786209 47.00785828
47.00739288 47.00738144
47.00719833 47.00718307
47.00840759 47.00839996
47.00762177 47.00760651
47.00760651 47.00760269
47.00764084 47.00762939
47.00726318 47.00725937
47.00770950 47.00770187
47.00778580 47.00777435
47.00933838 47.00931931
47.00849152 47.00848770
47.00919724 47.00919342
47.00915527 47.00913620
47.00872040 47.00870895
47.00811768 47.00810242
47.00844955 47.00843430
47.00847626 47.00847244
47.00887299 47.00887299
47.00884628 47.00885391
47.00846481 47.00845718
47.00791168 47.00791168
47.00862885 47.00862503
47.00837708 47.00838470
47.00910950 47.00910950
47.00874329 47.00873184
47.00882721 47.00881958
47.00878525 47.00878143
47.00909042 47.00908661
47.00897980 47.00897217
47.00854874 47.00854874
47.00850677 47.00850677
47.00769043 47.00768661
47.00761032 47.00759506
47.00759888 47.00758743
47.00813293 47.00812531
47.00800705 47.00800323
47.00823212 47.00822067
47.00775528 47.00775909
47.00783920 47.00783157
47.00792694 47.00791931
47.00769806 47.00769424
47.00782394 47.00781631
47.00732803 47.00732803
47.00735092 47.00733948
47.00722122 47.00721359
47.00695419 47.00693893
47.00651169 47.00651169
47.00698090 47.00698471
47.00733185 47.00734329
47.00733566 47.00732803
47.00786209 47.00785446
47.00780487 47.00779724
47.00814819 47.00814438
47.00779724 47.00778580
47.00749969 47.00749588
47.00771713 47.00772095
47.00874329 47.00874329
47.00774384 47.00774002
47.00805664 47.00805664
47.00674057 47.00675201
47.00687790 47.00689697
47.00705338 47.00704956
47.00706482 47.00706863
47.00684738 47.00685501
47.00706100 47.00706863
47.00736237 47.00737381
47.00681305 47.00682068
47.00703812 47.00703430
47.00748825 47.00748825
47.00761032 47.00761414
47.00705719 47.00705719
47.00775146 47.00775146
47.00812149 47.00811386
47.00714874 47.00714493
47.00842667 47.00843048
47.00836945 47.00836945
47.00818634 47.00819778
47.00779343 47.00778961
47.00835800 47.00833511
47.00801086 47.00801468
47.00736237 47.00735474
47.00848770 47.00848007
47.00820541 47.00820160
47.00745010 47.00744629
47.00747299 47.00745773
47.00827789 47.00827789
47.00764847 47.00763702
47.00774765 47.00773239
47.00745773 47.00743866
47.00762558 47.00761795
47.00780487 47.00778580
47.00801086 47.00800323
47.00858688 47.00857925
47.00726318 47.00724792
47.00744247 47.00742340
47.00798798 47.00796890
47.00675201 47.00674057
47.00693893 47.00691986
47.00754547 47.00752640
47.00747681 47.00746155
47.00839233 47.00838470
47.00669479 47.00667953
47.00742722 47.00741196
47.00682831 47.00680923
47.00674820 47.00672913
47.00682068 47.00680161
47.00692368 47.00693512
47.00698471 47.00696564
47.00669861 47.00668335
47.00734329 47.00732803
47.00722885 47.00720978
47.00746536 47.00745010
47.00789642 47.00788879
47.00755692 47.00753784
47.00746918 47.00745010
47.00759888 47.00758362
47.00855637 47.00854492
47.00857162 47.00854874
47.00957108 47.00955200
47.00863647 47.00860977
47.00886536 47.00885010
47.00973892 47.00972366
47.00890732 47.00889206
47.00918198 47.00916290
47.00844955 47.00843430
47.00772858 47.00770950
47.00780487 47.00778580
47.00785828 47.00783920
47.00840378 47.00839233
47.00764084 47.00761795
47.00721359 47.00720596
47.00690842 47.00688553
47.00753021 47.00750732
47.00737000 47.00735855
47.00863647 47.00862122
47.00731277 47.00730896
47.00782394 47.00780869
47.00768280 47.00767136
47.00831985 47.00831604
47.00900269 47.00898743
47.00824738 47.00822830
47.00817108 47.00814819
47.00780487 47.00779724
47.00817108 47.00814819
47.00756454 47.00756454
47.00813293 47.00811768
47.00827026 47.00826645
47.00816727 47.00815964
47.00776291 47.00774765
47.00844955 47.00842667
47.00881195 47.00880051
47.00841904 47.00841522
47.00902557 47.00901794
47.00872040 47.00870895
47.00903702 47.00902557
47.00964737 47.00964737
47.01010132 47.01009369
47.00844193 47.00843430
47.00866699 47.00865173
47.00914383 47.00913239
47.00821304 47.00820541
47.00857544 47.00857162
47.00850677 47.00849152
47.00822830 47.00821304
47.00837708 47.00836563
47.00812531 47.00812149
47.00833130 47.00832748
47.00918198 47.00917435
47.00926971 47.00926590
47.00880814 47.00880432
47.00949860 47.00949478
47.00938034 47.00938034
47.00946808 47.00946045
47.01015854 47.01014709
47.00918961 47.00918961
47.00902939 47.00901794
47.00949097 47.00948334
47.00804520 47.00804138
47.00936127 47.00935364
47.00876617 47.00876236
47.00917816 47.00917435
47.00901031 47.00902176
47.00903702 47.00903702
47.00935364 47.00935364
47.00860214 47.00860596
47.00869370 47.00869370
47.00888062 47.00887299
47.00829315 47.00828934
47.00890350 47.00889587
47.00850677 47.00850296
47.00863266 47.00862122
47.00835800 47.00835037
47.00924683 47.00923157
47.00885773 47.00884628
47.00938416 47.00936890
47.00922012 47.00920868
47.00893021 47.00892258
47.00896072 47.00894928
47.00897980 47.00895691
47.00885010 47.00884628
47.00885391 47.00883484
47.00879288 47.00878143
47.00905991 47.00904846
47.00960159 47.00959778
47.00904083 47.00900650
47.00970840 47.00969315
47.00887680 47.00886154
47.01001740 47.01000977
47.01067352 47.01065826
47.01049042 47.01046753
47.01045990 47.01043320
47.00955582 47.00953674
47.00922012 47.00920486
47.00873566 47.00872040
47.00925827 47.00923538
47.00903702 47.00902557
47.00836945 47.00834274
47.00836945 47.00835037
47.00820923 47.00819778
47.00904083 47.00902557
47.00859451 47.00857544
47.00801849 47.00801468
47.00811386 47.00810623
47.00796127 47.00795746
47.00827789 47.00825882
47.00879669 47.00877380
47.00845718 47.00844955
47.00876236 47.00874329
47.00936890 47.00934982
47.00875092 47.00872040
47.00926590 47.00923920
47.00905228 47.00902176
47.00936890 47.00933456
47.01014709 47.01013184
47.01021194 47.01018143
47.00997162 47.00994492
47.01004410 47.01000977
47.00989914 47.00987244
47.00942612 47.00939178
47.00989532 47.00986862
47.00936127 47.00933456
47.00968933 47.00966644
47.00955200 47.00952911
47.00970078 47.00967789
47.00944138 47.00941086
47.00823593 47.00820541
47.00786591 47.00784683
47.00791168 47.00788116
47.00914764 47.00909805
47.00914001 47.00910950
