42.20481110 42.20480347
42.43963623 42.43961716
42.72486877 42.72487259
42.99998474 43.00001144
43.25589752 43.25589752
43.49618530 43.49617386
43.72551346 43.72550964
43.94890976 43.94890976
44.16777039 44.16778946
44.38575745 44.38575745
44.60227203 44.60228348
44.82118225 44.82116699
45.04066086 45.04066467
45.26382065 45.26383591
45.48923492 45.48922348
45.71816254 45.71813965
45.94963074 45.94958878
46.18470383 46.18468094
46.42341995 46.42344666
46.66511917 46.66513062
46.90896225 46.90899277
47.15485764 47.15483093
47.40241241 47.40242386
47.65169907 47.65171051
47.90158081 47.90156174
48.15123749 48.15127182
48.39949036 48.39945984
48.64471054 48.64471436
48.88597488 48.88597488
49.12399673 49.12404633
49.35546112 49.35546112
49.57839966 49.57840729
49.79155731 49.79158401
49.99750519 49.99750137
50.19102859 50.19098282
50.37144852 50.37145615
50.53931808 50.53936386
50.69490814 50.69485092
50.83685303 50.83681870
50.96519089 50.96517563
51.08061218 51.08061600
51.18225479 51.18225098
51.27167511 51.27164841
51.35026932 51.35025024
51.41806793 51.41811752
51.47673798 51.47675323
51.52592850 51.52593613
51.56829834 51.56828690
51.60470963 51.60467529
51.63412094 51.63412476
51.65902328 51.65898514
51.68071747 51.68068695
51.69751740 51.69748688
51.71200943 51.71203613
51.72491837 51.72493362
51.73559189 51.73554611
51.74422455 51.74416351
51.75120163 51.75119400
51.75833893 51.75831604
51.76417160 51.76416397
51.76951218 51.76952362
51.77379227 51.77375412
51.77762222 51.77762604
51.78194427 51.78196335
51.78414917 51.78412628
51.78763962 51.78765869
51.78929138 51.78927994
51.79166412 51.79164124
51.79356003 51.79353714
51.79592896 51.79593277
51.79688644 51.79694748
51.79861069 51.79865265
51.80023575 51.80020142
51.80241013 51.80241013
51.80342102 51.80342484
51.80428696 51.80429077
51.80617905 51.80619431
51.80805588 51.80808640
51.80934906 51.80933762
51.81073380 51.81075287
51.81201172 51.81201172
51.81319427 51.81318283
51.81438828 51.81441116
51.81568146 51.81567001
51.79589462 51.79589081
51.78706360 51.78707123
51.79595947 51.79597092
51.80985260 51.80986786
51.82709122 51.82711029
51.84712601 51.84717560
51.86756897 51.86756897
51.89349365 51.89352417
51.90496445 51.90499878
51.93821335 51.93820190
51.97505951 51.97502136
52.01564789 52.01560211
52.05738068 52.05735016
52.09943390 52.09947586
52.14546967 52.14548874
52.19454575 52.19458389
52.23581314 52.23582458
52.29059982 52.29056931
52.35161972 52.35161209
52.41246414 52.41248322
52.47010040 52.47010803
52.53051758 52.53050613
52.59853363 52.59851074
52.66695786 52.66689301
52.73722458 52.73713684
52.81121063 52.81119537
52.88802338 52.88799667
52.96409607 52.96406174
53.04146194 53.04142380
53.11971664 53.11971664
53.19708633 53.19709778
53.27509308 53.27510452
53.35520554 53.35521317
53.43186569 53.43190384
53.51256943 53.51257706
53.59040451 53.59041595
53.66832352 53.66832733
53.74317551 53.74321365
53.81616974 53.81618881
53.89395142 53.89397812
53.96450806 53.96453094
54.03743362 54.03744888
54.11113739 54.11114502
54.18416595 54.18420792
54.25390244 54.25391769
54.32549667 54.32550430
54.39975357 54.39980698
54.47187424 54.47192383
54.54613113 54.54616165
54.61802292 54.61807632
54.69067383 54.69070435
54.76462555 54.76465225
54.84082413 54.84082794
54.91379547 54.91383362
54.98696899 54.98702240
55.06139755 55.06141281
55.13449478 55.13451004
55.20454025 55.20459747
55.27412796 55.27413940
55.34506989 55.34508133
55.41378784 55.41380692
55.48052979 55.48054886
55.54994583 55.54996490
55.61742783 55.61745834
55.68719482 55.68722534
55.75385284 55.75388336
55.81849670 55.81852341
55.88604355 55.88607788
55.95478439 55.95481873
56.02110672 56.02111816
56.08879852 56.08881378
56.15333557 56.15336990
56.21917725 56.21919250
56.28288269 56.28283310
56.34629822 56.34625244
56.40895462 56.40895462
56.47159958 56.47159195
56.53277969 56.53279877
56.59315109 56.59312820
56.65388870 56.65387344
56.71244431 56.71242905
56.77185440 56.77185822
56.82870865 56.82868958
56.88660049 56.88660049
56.94459534 56.94459152
57.00041199 57.00039291
57.05665970 57.05661011
57.11163330 57.11164856
57.16593552 57.16592407
57.22164536 57.22161484
57.27396774 57.27395248
57.32703400 57.32704163
57.37983322 57.37982178
57.43061829 57.43061447
57.48209381 57.48212814
57.53382492 57.53381348
57.58437347 57.58438492
57.63494492 57.63492584
57.68437958 57.68437958
57.73129272 57.73126221
57.78127670 57.78128052
57.82971954 57.82970047
57.87685013 57.87688828
57.92325592 57.92324066
57.96876526 57.96879196
58.01368332 58.01368332
58.06137085 58.06137848
58.10633087 58.10632706
58.15114594 58.15119934
58.19631195 58.19630814
58.24079895 58.24078751
58.28625488 58.28626251
58.32810593 58.32810974
58.37043381 58.37042999
58.41201782 58.41202164
58.45493317 58.45492172
58.49662781 58.49661636
58.54045868 58.54046631
58.58116913 58.58111572
58.62276459 58.62274170
58.66351700 58.66351318
58.70381927 58.70378113
58.74455261 58.74452972
58.78193283 58.78190231
58.82308960 58.82304382
58.86261749 58.86258698
58.90244675 58.90240860
58.94239044 58.94233322
58.98120499 58.98115158
59.02182007 59.02178574
59.06161118 59.06156921
59.09849167 59.09845734
59.13911057 59.13910675
59.17860031 59.17856979
59.21804047 59.21797562
59.25642014 59.25638199
59.29478836 59.29476166
59.33465195 59.33465576
59.37273788 59.37273788
59.41117477 59.41118622
59.45053101 59.45049667
59.48951721 59.48952866
59.52828217 59.52822876
59.56666565 59.56667328
59.60645294 59.60649490
59.64635086 59.64633179
59.68649292 59.68648529
59.72612381 59.72608948
59.75650406 59.75650024
59.79538727 59.79539108
59.83147430 59.83143616
59.87079620 59.87076569
59.90726089 59.90722656
59.94665146 59.94663239
59.98305511 59.98307419
60.02363586 60.02361298
60.06044006 60.06044006
60.09913254 60.09915161
60.13730621 60.13730240
60.17593002 60.17593765
60.21474838 60.21475983
60.25294495 60.25297546
60.29139709 60.29141998
60.32769012 60.32764435
60.36543655 60.36543655
60.40353775 60.40351868
60.44285965 60.44284439
60.47948837 60.47946930
60.51762009 60.51762390
60.55507278 60.55506516
60.58423615 60.58421707
60.61836243 60.61836624
60.65378952 60.65377045
60.68847275 60.68846130
60.72410965 60.72414017
60.75749588 60.75751114
60.79357147 60.79356384
60.82872391 60.82874298
60.86368561 60.86370468
60.89957809 60.89963150
60.93492889 60.93492126
60.97011566 60.97017288
61.00306320 61.00305939
61.03693008 61.03690338
61.07260895 61.07257843
61.10564041 61.10566330
61.14167786 61.14167786
61.17370605 61.17366409
61.20987701 61.20983124
61.24305725 61.24304962
61.27726746 61.27724075
61.31012344 61.31010437
61.34391403 61.34391785
61.37527847 61.37522888
61.40744400 61.40742111
61.44089508 61.44089127
61.47379684 61.47374725
61.50710678 61.50705338
61.53941727 61.53940964
61.57341766 61.57337570
61.60416412 61.60412979
61.63792038 61.63789749
61.66824341 61.66817093
61.69895935 61.69891739
61.73046494 61.73045349
61.76102829 61.76099396
61.79403687 61.79398727
61.82384109 61.82377625
61.85729980 61.85723114
61.88742828 61.88739395
61.91901779 61.91897202
61.94826126 61.94821167
61.97972870 61.97967148
62.00891876 62.00887299
62.03879547 62.03875732
62.06858063 62.06856537
62.09757614 62.09753418
62.12852859 62.12849426
62.15695190 62.15690994
62.18626785 62.18620682
62.21453094 62.21447754
62.24525070 62.24521255
62.27524185 62.27518463
62.30334854 62.30330658
62.33185959 62.33184433
62.36014938 62.36010361
62.38919067 62.38916397
62.41960526 62.41957092
62.44775391 62.44772720
62.47482681 62.47481918
62.50383759 62.50381088
62.53378677 62.53377151
62.56195068 62.56193542
62.59015274 62.59009171
62.61711502 62.61711884
62.64622116 62.64619064
62.67450333 62.67449951
62.70198059 62.70194626
62.72953415 62.72948074
62.75564575 62.75559616
62.78258896 62.78254318
62.81031799 62.81029129
62.83761215 62.83755112
62.86589050 62.86584854
62.89214325 62.89210510
62.91810989 62.91807175
62.94744873 62.94742203
62.97440720 62.97441101
63.00312805 63.00312805
63.03012466 63.03009415
63.05844879 63.05842972
63.08505249 63.08502579
63.11225891 63.11222839
63.13845825 63.13842010
63.16577148 63.16572952
63.19382858 63.19383621
63.22218323 63.22215271
63.24785233 63.24783325
63.27561188 63.27557373
63.30010223 63.30008698
63.32627487 63.32625580
63.35202026 63.35199738
63.37625885 63.37620163
63.40157700 63.40151596
63.42728424 63.42722321
63.45244980 63.45245361
63.47863388 63.47864914
63.50445557 63.50442505
63.52969360 63.52967072
63.55617905 63.55614853
63.58083725 63.58080673
63.60605621 63.60605240
63.62911987 63.62914276
63.65501404 63.65502167
63.67770767 63.67769623
63.70280838 63.70276642
63.72774506 63.72771835
63.75328827 63.75326538
63.77622604 63.77619553
63.80047226 63.80043030
63.82461166 63.82457733
63.84712601 63.84708405
63.87392426 63.87391663
63.89933014 63.89933777
63.92253494 63.92251587
63.94582367 63.94582367
63.96857071 63.96852875
63.99340057 63.99340057
64.01702881 64.01701355
64.04090118 64.04085541
64.06350708 64.06349182
64.08699799 64.08698273
64.11159515 64.11158752
64.13320923 64.13320160
64.15675354 64.15675354
64.18049622 64.18048859
64.20236969 64.20236206
64.22564697 64.22569275
64.24884033 64.24878693
64.27149963 64.27147675
64.29520416 64.29522705
64.31699371 64.31700134
64.34011841 64.34011841
64.36112976 64.36109924
64.38275146 64.38272858
64.40594482 64.40589142
64.42837524 64.42834473
64.44976807 64.44976044
64.47350311 64.47350311
64.49719238 64.49717712
64.51917267 64.51917267
64.53908539 64.53906250
64.56092072 64.56088257
64.58329010 64.58326721
64.60445404 64.60438538
64.62787628 64.62784576
64.64922333 64.64919281
64.67072296 64.67071533
64.69102478 64.69099426
64.71315765 64.71312714
64.73483276 64.73480988
64.75379944 64.75376892
64.77639771 64.77636719
64.79764557 64.79762268
64.81932831 64.81929779
64.84119415 64.84116364
64.86318207 64.86311340
64.88322449 64.88317108
64.90382385 64.90380096
64.92600250 64.92592621
64.94622040 64.94615173
64.96772003 64.96769714
64.98857880 64.98852539
65.00881195 65.00875854
65.02889252 65.02885437
65.05068207 65.05065918
65.06911469 65.06906128
65.09178925 65.09172821
65.11313629 65.11309052
65.13282013 65.13277435
65.15167999 65.15163422
65.17327881 65.17326355
65.19336700 65.19336700
65.21311951 65.21308136
65.23270416 65.23265076
65.25376129 65.25373077
65.27326965 65.27323151
65.29134369 65.29131317
65.31346893 65.31342316
65.33312988 65.33305359
65.35459900 65.35456085
65.37281799 65.37281036
65.39105225 65.39101410
65.41025543 65.41024017
65.42770386 65.42770386
65.44670105 65.44668579
65.46602631 65.46598816
65.48843384 65.48838806
65.50502014 65.50497437
65.52481842 65.52476501
65.54425812 65.54418945
65.56374359 65.56367493
65.58210754 65.58208466
65.60086823 65.60080719
65.61891174 65.61885071
65.63831329 65.63826752
65.65526581 65.65519714
65.67356110 65.67351532
65.69496918 65.69492340
65.71221161 65.71218872
65.73086548 65.73079681
65.74717712 65.74710846
65.76622009 65.76618195
65.78485107 65.78479767
65.80383301 65.80374146
65.82102966 65.82095337
65.84024048 65.84019470
65.85852814 65.85845947
65.87632751 65.87625885
65.89350891 65.89344788
65.90928650 65.90924835
65.92569733 65.92565155
65.94265747 65.94258881
65.95929718 65.95928192
65.97831726 65.97828674
65.99514771 65.99507904
66.01347351 66.01338959
66.03205872 66.03199005
66.04954529 66.04945374
66.06707764 66.06704712
66.08413696 66.08403778
66.10230255 66.10224915
66.11940765 66.11933899
66.13667297 66.13660431
66.15312195 66.15308380
66.17113495 66.17106628
66.18756104 66.18750763
66.20484161 66.20481110
66.22144318 66.22138977
66.23755646 66.23748779
66.25592804 66.25591278
66.27127075 66.27120209
66.28819275 66.28811646
66.30728149 66.30722046
66.32392883 66.32382965
66.34080505 66.34072876
66.35821533 66.35814667
66.37502289 66.37493134
66.39192200 66.39189911
66.40916443 66.40914154
66.42507172 66.42505646
66.43933105 66.43927002
66.45497131 66.45491791
66.47207642 66.47205353
66.48862457 66.48856354
66.50524139 66.50518036
66.52267456 66.52262878
66.53880310 66.53877258
66.55506134 66.55500793
66.57131195 66.57127380
66.58907318 66.58898926
66.60461426 66.60456848
66.61969757 66.61965942
66.63610840 66.63608551
66.64916229 66.64910889
66.66503906 66.66499329
66.68068695 66.68064880
66.69609833 66.69605255
66.71115875 66.71109772
66.72779083 66.72773743
66.74330902 66.74327087
66.75892639 66.75888824
66.77635956 66.77631378
66.79129791 66.79125977
66.80635834 66.80632782
66.82084656 66.82077026
66.83703613 66.83700562
66.85266113 66.85260010
66.87002563 66.86997986
66.88491821 66.88488007
66.90016937 66.90012360
66.91608429 66.91601562
66.93027496 66.93019867
66.94558716 66.94554901
66.96082306 66.96080780
66.97749329 66.97745514
66.99334717 66.99329376
67.00817108 67.00814819
67.02204895 67.02201080
67.03708649 67.03705597
67.05237579 67.05231476
67.06736755 67.06735229
67.08358002 67.08355713
67.09777069 67.09770203
67.11139679 67.11134338
67.12739563 67.12739563
67.14369202 67.14363861
67.15813446 67.15811157
67.17436981 67.17434692
67.18927765 67.18926239
67.20610809 67.20605469
67.22115326 67.22117615
67.23731232 67.23729706
67.25135803 67.25132751
67.26742554 67.26739502
67.28326416 67.28323364
67.29633331 67.29631805
67.31286621 67.31282806
67.32675934 67.32675171
67.34221649 67.34220886
67.35520172 67.35518646
67.37159729 67.37158203
67.38532257 67.38529968
67.39941406 67.39939880
67.41548157 67.41548157
67.43045807 67.43041992
67.44301605 67.44298553
67.45707703 67.45706177
67.47251892 67.47247314
67.48860931 67.48860168
67.50153351 67.50156403
67.51843262 67.51844025
67.53192902 67.53190613
67.54413605 67.54411316
67.55971527 67.55971527
67.57557678 67.57558441
67.58892059 67.58892059
67.60320282 67.60316467
67.61859894 67.61858368
67.63590240 67.63588715
67.64920807 67.64921570
67.66299438 67.66300964
67.67766571 67.67761993
67.69387054 67.69382477
67.70811462 67.70806885
67.72029877 67.72032166
67.73448181 67.73445129
67.74929047 67.74928284
67.76280975 67.76276398
67.77606201 67.77604675
67.79052734 67.79053497
67.80445862 67.80441284
67.81834412 67.81829834
67.83186340 67.83184052
67.84330750 67.84332275
67.85808563 67.85803986
67.87171936 67.87171936
67.88647461 67.88642120
67.89667511 67.89664459
67.91019440 67.91015625
67.92237854 67.92234039
67.93556976 67.93556976
67.94887543 67.94887543
67.96035004 67.96028137
67.97495270 67.97489929
67.98665619 67.98661804
68.00073242 68.00068665
68.01618958 68.01614380
68.02902222 68.02899933
68.04406738 68.04403687
68.05805969 68.05809021
68.07085419 68.07083893
68.08483124 68.08480072
68.09786224 68.09783936
68.10964966 68.10964203
68.12260437 68.12258911
68.13538361 68.13541412
68.14860535 68.14858246
68.16203308 68.16196442
68.17629242 68.17629242
68.18853760 68.18849182
68.20199585 68.20201111
68.21568298 68.21566010
68.22882843 68.22883606
68.24345398 68.24345398
68.25417328 68.25416565
68.26706696 68.26702881
68.28028870 68.28031158
68.29097748 68.29089355
68.30728912 68.30726624
68.31925201 68.31924438
68.33116913 68.33113098
68.34344482 68.34343719
68.35547638 68.35541534
68.36848450 68.36847687
68.38030243 68.38029480
68.39446259 68.39441681
68.40595245 68.40592957
68.41838074 68.41835022
68.43199921 68.43196869
68.44368744 68.44364166
68.45474243 68.45468903
68.46591187 68.46588135
68.47996521 68.47991180
68.49094391 68.49088287
68.50163269 68.50157166
68.51384735 68.51383209
68.52878571 68.52873993
68.54187012 68.54178619
68.55412292 68.55410767
68.56750488 68.56749725
68.57975006 68.57972717
68.59223175 68.59215546
68.60519409 68.60512543
68.61810303 68.61808014
68.63129425 68.63121033
68.64364624 68.64360809
68.65641022 68.65634918
68.66852570 68.66851044
68.68209839 68.68209076
68.69292450 68.69290161
68.70423889 68.70415497
68.71795654 68.71791840
68.73063660 68.73064423
68.74267578 68.74263000
68.75508881 68.75503540
68.76831055 68.76829529
68.78044128 68.78042603
68.79242706 68.79235077
68.80400085 68.80391693
68.81683350 68.81678009
68.82823181 68.82819366
68.83912659 68.83906555
68.85263062 68.85258484
68.86271667 68.86267090
68.87508392 68.87500763
68.88660431 68.88656616
68.89823914 68.89822388
68.91161346 68.91154480
68.92378998 68.92375946
68.93608093 68.93605804
68.94852448 68.94853210
68.95954132 68.95948792
68.97079468 68.97074890
68.98339844 68.98338318
68.99641418 68.99637604
69.00828552 69.00825500
69.01934052 69.01934052
69.03098297 69.03092957
69.04312134 69.04307556
69.05387878 69.05389404
69.06522369 69.06517792
69.07786560 69.07781219
69.08669281 69.08669281
69.10067749 69.10060883
69.11292267 69.11288452
69.12322998 69.12316132
69.13513947 69.13508606
69.14701843 69.14695740
69.15830994 69.15823364
69.17018890 69.17012787
69.18208313 69.18203735
69.19529724 69.19526672
69.20606232 69.20611572
69.21813202 69.21813965
69.22880554 69.22877502
69.24067688 69.24060059
69.25154114 69.25149536
69.26163483 69.26157379
69.27270508 69.27267456
69.28524017 69.28519440
69.29691315 69.29685211
69.30628967 69.30624390
69.31930542 69.31925201
69.32899475 69.32889557
69.34045410 69.34043121
69.35027313 69.35019684
69.36365509 69.36359406
69.37258911 69.37253571
69.38464355 69.38458252
69.39562988 69.39561462
69.40538025 69.40533447
69.41650391 69.41646576
69.42675781 69.42673492
69.43923187 69.43919373
69.44934082 69.44924164
69.46035004 69.46028137
69.47219849 69.47215271
69.48109436 69.48103333
69.49333191 69.49329376
69.50315857 69.50309753
69.51531219 69.51528168
69.52440643 69.52436829
69.53543091 69.53537750
69.54528046 69.54528809
69.55723572 69.55721283
69.57042694 69.57035828
69.58095551 69.58095551
69.59126282 69.59122467
69.60002899 69.59997559
69.61187744 69.61183167
69.62224579 69.62220001
69.63321686 69.63319397
69.64288330 69.64286041
69.65575409 69.65573883
69.66575623 69.66574097
69.67592621 69.67585754
69.68649292 69.68647003
69.69748688 69.69744873
69.70888519 69.70887756
69.72063446 69.72057343
69.73056030 69.73055267
69.74165344 69.74163055
69.75331116 69.75325775
69.76190948 69.76186371
69.77352142 69.77349091
69.78407288 69.78401947
69.79359436 69.79357147
69.80666351 69.80661774
69.81777954 69.81774139
69.82760620 69.82762146
69.83677673 69.83670807
69.84977722 69.84972382
69.85913849 69.85914612
69.86989594 69.86985779
69.88060760 69.88055420
69.89131927 69.89125061
69.90258026 69.90253448
69.91304016 69.91302490
69.92420959 69.92416382
69.93475342 69.93468475
69.94350433 69.94346619
69.95560455 69.95552826
69.96411133 69.96405029
69.97705841 69.97698975
69.98804474 69.98796844
69.99755859 69.99746704
70.00720978 70.00713348
70.01743317 70.01737976
70.02835083 70.02826691
70.03929138 70.03924561
70.04917908 70.04909515
70.05917358 70.05916595
70.07096100 70.07092285
70.07863617 70.07862854
70.09138489 70.09136200
70.10135651 70.10136414
70.10963440 70.10961151
70.11998749 70.11994934
70.13176727 70.13173676
70.14080811 70.14077759
70.14967346 70.14968872
70.16031647 70.16028595
70.17040253 70.17039490
70.17947388 70.17945862
70.19124603 70.19120789
70.20024109 70.20020294
70.21120453 70.21118164
70.22076416 70.22072601
70.23026276 70.23021698
70.24035645 70.24031067
70.25015259 70.25012207
70.26058960 70.26052094
70.27268982 70.27262878
70.28141022 70.28138733
70.29245758 70.29242706
70.30266571 70.30263519
70.31102753 70.31101990
70.32241058 70.32238007
70.33190155 70.33187866
70.34136963 70.34133911
70.35031128 70.35031891
70.35900116 70.35897827
70.37023926 70.37022400
70.38201904 70.38200378
70.39235687 70.39234161
70.40135956 70.40130615
70.40993500 70.40989685
70.42159271 70.42153931
70.43123627 70.43123627
70.44042206 70.44039154
70.45006561 70.45001221
70.45820618 70.45821381
70.46728516 70.46729279
70.47967529 70.47968292
70.48686981 70.48682404
70.49804688 70.49801636
70.50487518 70.50488281
70.51520538 70.51512146
70.52707672 70.52707672
70.53522491 70.53521729
70.54428101 70.54429626
70.55293274 70.55291748
70.56268311 70.56261444
70.57386017 70.57382202
70.58100128 70.58096313
70.59079742 70.59078979
70.60044098 70.60047913
70.61061096 70.61058044
70.61893463 70.61894226
70.62682343 70.62682343
70.63880920 70.63883209
70.64794159 70.64794159
70.65550232 70.65544128
70.66677094 70.66677094
70.67599487 70.67594147
70.68231201 70.68226624
70.69275665 70.69269562
70.70298767 70.70295715
70.70926666 70.70926666
70.71842957 70.71842194
70.72934723 70.72934723
70.73719025 70.73715973
70.74829102 70.74830627
70.75773621 70.75769043
70.76705170 70.76708221
70.77353668 70.77354431
70.78517151 70.78513336
70.79302979 70.79299927
70.80384064 70.80379486
70.81081390 70.81081390
70.82026672 70.82026672
70.82965851 70.82961273
70.83768463 70.83766937
70.84676361 70.84677887
70.85549164 70.85548401
70.86428833 70.86430359
70.87343597 70.87342072
70.87842560 70.87841034
70.88827515 70.88822937
70.89834595 70.89830780
70.90726471 70.90725708
70.91585541 70.91587830
70.92387390 70.92383575
70.93241119 70.93240356
70.93932343 70.93932343
70.94902039 70.94899750
70.95606995 70.95609283
70.96646881 70.96645355
70.97496033 70.97496033
70.98656464 70.98651123
70.99183655 70.99183655
71.00106049 71.00107574
71.01125336 71.01124573
71.01981354 71.01976013
71.02750397 71.02751160
71.03625488 71.03623199
71.04535675 71.04533386
71.05376434 71.05377960
71.06047058 71.06044769
71.06746674 71.06745148
71.07736969 71.07733154
71.08500671 71.08498383
71.09374237 71.09375000
71.10464478 71.10464478
71.11024475 71.11025238
71.12021637 71.12019348
71.12952423 71.12949371
71.13949585 71.13946533
71.14591980 71.14594269
71.15464020 71.15459442
71.16291809 71.16294861
71.17409515 71.17410278
71.18232727 71.18233490
71.18963623 71.18960571
71.19812775 71.19812012
71.20660400 71.20656586
71.21680450 71.21675110
71.22370148 71.22370148
71.23270416 71.23270416
71.24029541 71.24034119
71.24864960 71.24865723
71.25732422 71.25734711
71.26467896 71.26469421
71.27350616 71.27347565
71.28310394 71.28308868
71.29280090 71.29283905
71.29817200 71.29816437
71.30857849 71.30855560
71.31831360 71.31832886
71.32560730 71.32558441
71.33301544 71.33302307
71.34249878 71.34248352
71.35058594 71.35062408
71.35917664 71.35920715
71.36861420 71.36859131
71.37466431 71.37463379
71.38308716 71.38307953
71.39274597 71.39272308
71.40037537 71.40034485
71.40879059 71.40872955
71.41493225 71.41491699
71.42392731 71.42392731
71.43270111 71.43270111
71.44089508 71.44091797
71.44702148 71.44699097
71.45553589 71.45550537
71.46198273 71.46194458
71.47401428 71.47402191
71.47940826 71.47937775
71.48889160 71.48885345
71.49659729 71.49657440
71.50304413 71.50302887
71.50917816 71.50914764
71.51672363 71.51672363
71.52506256 71.52510071
71.53508759 71.53506470
71.53977203 71.53978729
71.54864502 71.54861450
71.55532074 71.55532074
71.56459045 71.56459045
71.57238770 71.57237244
71.58020782 71.58019257
71.58726501 71.58731079
71.59403992 71.59403992
71.60164642 71.60163879
71.61035156 71.61032104
71.61911011 71.61907959
71.62628174 71.62626648
71.63262939 71.63255310
71.64134216 71.64134216
71.64735413 71.64733124
71.65602875 71.65601349
71.66622925 71.66622162
71.67224121 71.67224121
71.67911530 71.67910004
71.68637848 71.68639374
71.69451141 71.69451904
71.70195770 71.70188904
71.70834351 71.70830536
71.71792603 71.71790314
71.72390747 71.72393799
71.73172760 71.73174286
71.73944092 71.73941803
71.74636841 71.74633026
71.75329590 71.75327301
71.76207733 71.76203918
71.76898193 71.76896667
71.77593231 71.77588654
71.78227234 71.78222656
71.79192352 71.79192352
71.79791260 71.79791260
71.80495453 71.80495453
71.81069183 71.81069946
71.82160950 71.82157898
71.82684326 71.82687378
71.83387756 71.83387756
71.84677124 71.84673309
71.85343933 71.85339355
71.86148071 71.86147308
71.87037659 71.87038422
71.87677002 71.87677765
71.88589478 71.88580322
71.89331055 71.89329529
71.90236664 71.90238953
71.91004181 71.91002655
71.91566467 71.91562653
71.92449951 71.92449951
71.93252563 71.93248749
71.94082642 71.94079590
71.94871521 71.94870758
71.95717621 71.95719147
71.96475983 71.96474457
71.97021484 71.97021484
71.97930908 71.97930908
71.98598480 71.98596954
