71.40718842 71.40715790
71.43645477 71.43639374
71.46851349 71.46849060
71.49462891 71.49459076
71.51985168 71.51985931
71.54406738 71.54412842
71.57035065 71.57048035
71.60222626 71.60218048
71.64183044 71.64178467
71.68991089 71.68989563
71.74848938 71.74858093
71.81478119 71.81479645
71.88869476 71.88878632
71.96901703 71.96910095
72.05595398 72.05588531
72.14681244 72.14678192
72.24124908 72.24127197
72.33699036 72.33692169
72.43117523 72.43115234
72.52414703 72.52416229
72.61940002 72.61944580
72.71708679 72.71702576
72.81587219 72.81582642
72.91785431 72.91780853
73.02002716 73.02005005
73.12609863 73.12607574
73.23866272 73.23854065
73.35639191 73.35632324
73.46568298 73.46566010
73.57862091 73.57853699
73.69724274 73.69722748
73.81327057 73.81333923
73.93128204 73.93125916
74.04253387 74.04248810
74.14846039 74.14843750
74.25237274 74.25242615
74.35057068 74.35054016
74.44116974 74.44123077
74.52641296 74.52642059
74.60426331 74.60434723
74.67703247 74.67722321
74.74779510 74.74772644
74.80832672 74.80835724
74.85889435 74.85890961
74.90799713 74.90795898
74.95047760 74.95057678
74.98980713 74.98981476
75.01678467 75.01667786
75.04126740 75.04122925
75.06085205 75.06082153
75.07755280 75.07749176
75.09756470 75.09764862
75.11685181 75.11679840
75.12802124 75.12801361
75.13911438 75.13913727
75.15551758 75.15554047
75.17133331 75.17136383
75.17490387 75.17494202
75.18446350 75.18445587
75.19125366 75.19123840
75.19902039 75.19890594
75.20580292 75.20591736
75.20353699 75.20360565
75.20632172 75.20621490
75.21134949 75.21141052
75.21554565 75.21546173
75.22245026 75.22243500
75.22532654 75.22528839
75.22962952 75.22969055
75.23297882 75.23294067
75.23560333 75.23564148
75.23872375 75.23873138
75.24198914 75.24204254
75.24471283 75.24478912
75.24459076 75.24461365
75.24640656 75.24636841
75.25323486 75.25326538
75.25575256 75.25579834
75.25982666 75.25982666
75.26586914 75.26585388
75.26522827 75.26525116
75.26922607 75.26916504
75.27716064 75.27717590
75.27870178 75.27873993
75.28181458 75.28174591
75.28803253 75.28805542
75.29233551 75.29230499
75.29788971 75.29783630
75.30284119 75.30276489
75.30670166 75.30667877
75.31140137 75.31142426
75.31606293 75.31592560
75.32086182 75.32090759
75.32672882 75.32672882
75.32987976 75.32984924
75.33683777 75.33676147
75.34213257 75.34203339
75.34601593 75.34590149
75.35201263 75.35199738
75.35563660 75.35557556
75.36152649 75.36149597
75.36934662 75.36933899
75.37341309 75.37346649
75.37870789 75.37860870
75.38481903 75.38479614
75.38748169 75.38742828
75.39436340 75.39440918
75.39997101 75.39998627
75.40621185 75.40631104
75.41123199 75.41123199
75.41692352 75.41692352
75.42406464 75.42406464
75.42937469 75.42938232
75.43415833 75.43413544
75.44155884 75.44151306
75.45019531 75.45022583
75.45866394 75.45874786
75.46743774 75.46736145
75.47626495 75.47616577
75.48451996 75.48446655
75.49292755 75.49297333
75.50228119 75.50231171
75.51150513 75.51154327
75.51856995 75.51866150
75.52868652 75.52867126
75.53820038 75.53828430
75.55021667 75.55026245
75.55890656 75.55892181
75.57080841 75.57078552
75.58060455 75.58068848
75.59170532 75.59179688
75.60285950 75.60288239
75.61280060 75.61283112
75.62493896 75.62497711
75.63364410 75.63368225
75.64385986 75.64392853
75.65400696 75.65406799
75.66477203 75.66478729
75.67594147 75.67596436
75.68698120 75.68695831
75.69885254 75.69882965
75.71072388 75.71086884
75.72290802 75.72296906
75.73386383 75.73397827
75.74429321 75.74433899
75.75636292 75.75637054
75.76821136 75.76827240
75.78155518 75.78163147
75.79306030 75.79305267
75.80571747 75.80566406
75.81877899 75.81883240
75.83181763 75.83177948
75.84281158 75.84286499
75.85646057 75.85650635
75.86867523 75.86863708
75.88101959 75.88095093
75.89477539 75.89472961
75.90605927 75.90605927
75.91928864 75.91926575
75.93260193 75.93250275
75.94533539 75.94535065
75.95953369 75.95967865
75.97275543 75.97282410
75.98464966 75.98457336
75.99866486 75.99871826
76.01246643 76.01234436
76.02757263 76.02764130
76.04051208 76.04048920
76.05582428 76.05583954
76.07082367 76.07083130
76.08593750 76.08605957
76.09687042 76.09691620
76.11059570 76.11062622
76.12666321 76.12668610
76.14019775 76.14012146
76.15464783 76.15457153
76.16899872 76.16907501
76.18556976 76.18563843
76.20121765 76.20118713
76.21676636 76.21672821
76.23374939 76.23382568
76.25167084 76.25174713
76.26722717 76.26734924
76.28464508 76.28460693
76.29956055 76.29953766
76.31478119 76.31487274
76.33109283 76.33112335
76.34714508 76.34712219
76.36342621 76.36360931
76.38031769 76.38037109
76.39526367 76.39541626
76.41292572 76.41304779
76.42877960 76.42886353
76.44623566 76.44630432
76.46290588 76.46292114
76.47997284 76.47994995
76.49668121 76.49677277
76.51277161 76.51287079
76.52851105 76.52855682
76.54617310 76.54618835
76.56008148 76.56008911
76.57608032 76.57599640
76.59521484 76.59528351
76.61168671 76.61151123
76.62899780 76.62905884
76.64659882 76.64661407
76.66471100 76.66468048
76.68103790 76.68100739
76.69716644 76.69725037
76.71643829 76.71643829
76.73352814 76.73362732
76.74900055 76.74894714
76.76696777 76.76691437
76.78691864 76.78684998
76.80565643 76.80561829
76.82363129 76.82365417
76.84103394 76.84099579
76.85863495 76.85851288
76.87876892 76.87886047
76.89643097 76.89636993
76.91706848 76.91701508
76.93729401 76.93720245
76.95568085 76.95582581
76.97392273 76.97399139
76.99103546 76.99098206
77.00830078 77.00838470
77.02597046 77.02579498
77.04264069 77.04254150
77.06063843 77.06060791
77.08055115 77.08052826
77.10054016 77.10060120
77.12053680 77.12046814
77.13887024 77.13881683
77.15699768 77.15697479
77.17501831 77.17503357
77.19589996 77.19586945
77.21522522 77.21502686
77.23648071 77.23641205
77.25384521 77.25379181
77.27368164 77.27370453
77.29328918 77.29335785
77.31177521 77.31179810
77.33106232 77.33100891
77.35138702 77.35120392
77.37129974 77.37129211
77.39099121 77.39095306
77.40881348 77.40875244
77.43051147 77.43041992
77.44926453 77.44923401
77.47061920 77.47060394
77.48979950 77.48984528
77.51009369 77.51005554
77.53018188 77.53009033
77.55217743 77.55208588
77.57225800 77.57213593
77.59380341 77.59384155
77.61591339 77.61585999
77.63658142 77.63644409
77.65620422 77.65619659
77.67477417 77.67469788
77.69591522 77.69592285
77.71692657 77.71685791
77.73516846 77.73511505
77.75479126 77.75480652
77.77655792 77.77655792
77.79670715 77.79672241
77.81684875 77.81693268
77.83638000 77.83642578
77.85904694 77.85912323
77.87992096 77.87988281
77.89941406 77.89942932
77.92002106 77.91994476
77.94164276 77.94155121
77.95983887 77.95981598
77.98297119 77.98295593
78.00476074 78.00466919
78.02490234 78.02484131
78.04682922 78.04677582
78.06650543 78.06655121
78.08762360 78.08763123
78.11071777 78.11069489
78.13122559 78.13125610
78.15240479 78.15248871
78.17330170 78.17321014
78.19510651 78.19510651
78.21717834 78.21715546
78.23779297 78.23780823
78.25990295 78.25974274
78.28195190 78.28192139
78.30277252 78.30300903
78.32434845 78.32438660
78.34929657 78.34924316
78.37110901 78.37119293
78.39012146 78.39013672
78.41069031 78.41061401
78.43269348 78.43274689
78.45326233 78.45326996
78.47541809 78.47542572
78.49700165 78.49707794
78.52179718 78.52188873
78.54261017 78.54270935
78.56385040 78.56387329
78.58734131 78.58724213
78.61264801 78.61256409
78.63278198 78.63284302
78.65390015 78.65395355
78.67509460 78.67502594
78.69850922 78.69866943
78.72026825 78.72035980
78.74128723 78.74126434
78.76428986 78.76431274
78.78521729 78.78512573
78.80765533 78.80764008
78.83244324 78.83247375
78.85588837 78.85591125
78.87875366 78.87880707
78.90128326 78.90138245
78.92379761 78.92391205
78.94695282 78.94696045
78.96879578 78.96890259
78.99141693 78.99153137
79.01567078 79.01576233
79.03997803 79.03984070
79.06120300 79.06120300
79.08396149 79.08409119
79.10615540 79.10620880
79.13000488 79.12995148
79.15605164 79.15601349
79.17720795 79.17724609
79.19969940 79.19966888
79.22458649 79.22460938
79.24694061 79.24700165
79.26933289 79.26937866
79.29414368 79.29416656
79.31712341 79.31708527
79.34021759 79.34026337
79.36396027 79.36408997
79.38722229 79.38735199
79.41089630 79.41095734
79.43291473 79.43294525
79.45796967 79.45797729
79.48268890 79.48265839
79.50691223 79.50691223
79.53194427 79.53202057
79.55583954 79.55595398
79.57881165 79.57883453
79.60137177 79.60134125
79.62641907 79.62639618
79.64891815 79.64904022
79.67300415 79.67304993
79.69838715 79.69841003
79.72269440 79.72283173
79.74493408 79.74496460
79.76611328 79.76608276
79.79067230 79.79067230
79.81710815 79.81723785
79.84162140 79.84146118
79.86502838 79.86487579
79.89268494 79.89269257
79.91642761 79.91646576
79.93959808 79.93962860
79.96286774 79.96287537
79.98532867 79.98536682
80.01025391 80.01036835
80.03475952 80.03481293
80.05834961 80.05835724
80.08334351 80.08326721
80.10793304 80.10798645
80.13450623 80.13447571
80.15615082 80.15615845
80.18238831 80.18236542
80.20726013 80.20736694
80.23167419 80.23170471
80.25736237 80.25737762
80.28290558 80.28298187
80.30742645 80.30757141
80.33277893 80.33291626
80.35839081 80.35848999
80.38308716 80.38312531
80.41062164 80.41062164
80.43508911 80.43507385
80.46167755 80.46162415
80.48688507 80.48699188
80.51280212 80.51298523
80.53764343 80.53760529
80.56288910 80.56282043
80.58782196 80.58780670
80.61196899 80.61191559
80.63620758 80.63626099
80.66248322 80.66253662
80.68700409 80.68699646
80.71336365 80.71333313
80.74031830 80.74035645
80.76760864 80.76766968
80.79264832 80.79261017
80.81677246 80.81685638
80.83975983 80.83988190
80.86499786 80.86507416
80.89105225 80.89103699
80.91667938 80.91670227
80.94395447 80.94409943
80.96842957 80.96846008
80.99136353 80.99153900
81.01823425 81.01832581
81.04486084 81.04502869
81.06930542 81.06937408
81.09552002 81.09565735
81.12332916 81.12335205
81.14842224 81.14846039
81.17560577 81.17560577
81.20233917 81.20235443
81.22858429 81.22865295
81.25620270 81.25625610
81.28295898 81.28293610
81.31014252 81.31022644
81.33732605 81.33735657
81.36503601 81.36504364
81.39028168 81.39021301
81.41893768 81.41885376
81.44525909 81.44528198
81.47316742 81.47317505
81.50123596 81.50120544
81.52764893 81.52764893
81.55381012 81.55384064
81.57928467 81.57932281
81.60576630 81.60564423
81.63052368 81.63047028
81.65787506 81.65790558
81.68769073 81.68778229
81.71365356 81.71360016
81.74163818 81.74169159
81.76896667 81.76904297
81.79650879 81.79646301
81.82398224 81.82395172
81.85130310 81.85134125
81.87844849 81.87849426
81.90713501 81.90727997
81.93288422 81.93284607
81.96189117 81.96190643
81.98842621 81.98831940
82.01588440 82.01590729
82.04441833 82.04438019
82.07122803 82.07131958
82.10186768 82.10172272
82.12648010 82.12651825
82.15481567 82.15465546
82.18166351 82.18171692
82.21235657 82.21233368
82.24163818 82.24150085
82.26887512 82.26885223
82.29750824 82.29757690
82.32494354 82.32501221
82.35620117 82.35623169
82.38341522 82.38333893
82.40689850 82.40676117
82.43499756 82.43499756
82.46434021 82.46425629
82.49020386 82.49020386
82.52211761 82.52220154
82.54594421 82.54595947
82.57466125 82.57463074
82.60422516 82.60420990
82.63225555 82.63225555
82.66245270 82.66247559
82.69174957 82.69174194
82.71691132 82.71684265
82.74507141 82.74505615
82.77459717 82.77459717
82.80103302 82.80097198
82.82688904 82.82688141
82.85562134 82.85565186
82.88626099 82.88621521
82.91151428 82.91150665
82.94170380 82.94176483
82.96892548 82.96886444
82.99857330 82.99855804
83.02705383 83.02709198
83.05712891 83.05718231
83.08294678 83.08300018
83.11174011 83.11165619
83.14045715 83.14035034
83.16974640 83.16986084
83.20126343 83.20122528
83.22829437 83.22813416
83.25757599 83.25740051
83.28762817 83.28756714
83.31794739 83.31796265
83.34741974 83.34745789
83.37648010 83.37654877
83.40641022 83.40640259
83.43771362 83.43765259
83.46656799 83.46662903
83.49555206 83.49546814
83.52474213 83.52466583
83.55706024 83.55706787
83.58477783 83.58478546
83.61320496 83.61312866
83.64505768 83.64499664
83.67267609 83.67272186
83.70355225 83.70359039
83.73126221 83.73117828
83.75808716 83.75809479
83.78896332 83.78899384
83.81867218 83.81879425
83.84854126 83.84856415
83.87680817 83.87685394
83.90702820 83.90713501
83.93553162 83.93565369
83.96873474 83.96873474
83.99610138 83.99604034
84.02715302 84.02712250
84.05723572 84.05725861
84.08734131 84.08736420
84.12025452 84.12018585
84.14495850 84.14476776
84.17642975 84.17639160
84.20767212 84.20757294
84.23750305 84.23744965
84.26960754 84.26953125
84.29880524 84.29884338
84.33139801 84.33155060
84.35941315 84.35945129
84.38892365 84.38896179
84.42184448 84.42182922
84.45176697 84.45184326
84.48162842 84.48168182
84.51242828 84.51254272
84.54092407 84.54100037
84.56920624 84.56921387
84.60089874 84.60093689
84.63034058 84.63040924
84.66368103 84.66365051
84.69497681 84.69499969
84.72259521 84.72247314
84.75518036 84.75523376
84.78500366 84.78503418
84.81559753 84.81560516
84.84767151 84.84768677
84.87773132 84.87760925
84.90843201 84.90837860
84.93685150 84.93682098
84.96812439 84.96813965
84.99754333 84.99753571
85.03250122 85.03251648
85.06145477 85.06154633
85.09495544 85.09494019
85.12370300 85.12370300
85.15592957 85.15601349
85.18424225 85.18435669
85.21578217 85.21576691
85.24755096 85.24755096
85.27793884 85.27800751
85.30917358 85.30914307
85.34166718 85.34168243
85.37084198 85.37088013
85.40026855 85.40031433
85.43310547 85.43326569
85.46480560 85.46481323
85.49872589 85.49878693
85.52934265 85.52924347
85.56253052 85.56262970
85.58903503 85.58903503
85.62387848 85.62394714
85.65538788 85.65528870
85.69024658 85.69024658
85.71862793 85.71855927
85.75196075 85.75183105
85.78157043 85.78159332
85.81186676 85.81200409
85.83992004 85.83980560
85.87442017 85.87445831
85.90405273 85.90394592
85.94047546 85.94042969
85.97067261 85.97065735
86.00065613 86.00065613
86.03240967 86.03234863
86.06551361 86.06552887
86.09621429 86.09610748
86.12792206 86.12787628
86.15720367 86.15727234
86.19015503 86.19020081
86.22299957 86.22317505
86.25706482 86.25711060
86.29058075 86.29060364
86.32198334 86.32196045
86.35148621 86.35150909
86.38218689 86.38218689
86.41592407 86.41590881
86.44854736 86.44850159
86.48355103 86.48346710
86.51718903 86.51723480
86.55233002 86.55234528
86.58112335 86.58109283
86.61527252 86.61523438
86.64749146 86.64740753
86.68054962 86.68051910
86.71437836 86.71445465
86.74696350 86.74692535
86.77412415 86.77420044
86.81045532 86.81047821
86.83978271 86.83976746
86.87712860 86.87709808
86.91189575 86.91195679
86.94490814 86.94494629
86.97554779 86.97553253
87.00996399 87.01001740
87.03986359 87.03977203
87.07211304 87.07220459
87.10787964 87.10797882
87.13871002 87.13873291
87.16881561 87.16890717
87.20764160 87.20761108
87.23825836 87.23825073
87.27272034 87.27265930
87.30731964 87.30725098
87.33929443 87.33923340
87.37042236 87.37046814
87.40460205 87.40455627
87.43634033 87.43634033
87.47445679 87.47454834
87.50622559 87.50632477
87.53939819 87.53944397
87.57443237 87.57453156
87.60407257 87.60416412
87.64180756 87.64191437
87.67245483 87.67255402
87.70657349 87.70662689
87.74296570 87.74292755
87.77244568 87.77233887
87.80764008 87.80759430
87.84209442 87.84204865
87.87454224 87.87451935
87.90492249 87.90491486
87.93836212 87.93834686
87.97221375 87.97213745
88.00682068 88.00689697
88.04167175 88.04160309
88.07910156 88.07914734
88.11172485 88.11170959
88.14617157 88.14612579
88.18273163 88.18278503
88.21253967 88.21245575
88.24555206 88.24562836
88.28304291 88.28302002
88.31733704 88.31742859
88.35145569 88.35137177
88.38443756 88.38449097
88.42017365 88.42016602
88.45612335 88.45609283
88.48721313 88.48735046
88.52574921 88.52571869
88.55770111 88.55779266
88.58573151 88.58576202
88.62718201 88.62717438
88.65843201 88.65850067
88.69361115 88.69366455
88.73102570 88.73099518
88.76287842 88.76284790
88.79934692 88.79922485
88.83489227 88.83493042
88.86863708 88.86865997
88.90794373 88.90785217
88.94205475 88.94203186
88.97396088 88.97399902
89.01562500 89.01554871
89.04518127 89.04524231
89.08189392 89.08192444
89.11600494 89.11604309
89.15296936 89.15287018
89.18503571 89.18503571
89.21935272 89.21939850
89.25495148 89.25489807
89.29027557 89.29019928
89.32447052 89.32431793
89.35997772 89.35994720
89.39638519 89.39637756
89.42860413 89.42852020
89.46546173 89.46546936
89.50337982 89.50328827
89.53382111 89.53380585
89.57257080 89.57245636
89.60642242 89.60641479
89.64533997 89.64533997
89.68428040 89.68429565
89.71807861 89.71805573
89.75825500 89.75833130
89.79077911 89.79071045
89.82537842 89.82527161
89.86142731 89.86135864
89.89630127 89.89632416
89.93329620 89.93334961
89.97129822 89.97135162
90.00039673 90.00036621
90.03800964 90.03784943
90.07360840 90.07355499
90.10957336 90.10948944
90.14730835 90.14733887
90.18414307 90.18414307
90.22182465 90.22179413
90.25477600 90.25468445
90.29285431 90.29280853
90.32924652 90.32923889
90.36248016 90.36261749
90.39915466 90.39920044
90.43368530 90.43373871
90.47222137 90.47217560
90.51034546 90.51023865
90.54550171 90.54541779
90.58361053 90.58356476
90.61646271 90.61650848
90.65660095 90.65655518
90.69025421 90.69013214
90.72864532 90.72869873
90.76172638 90.76165771
90.80712128 90.80714417
90.83895111 90.83885193
90.87646484 90.87649536
90.91150665 90.91152954
90.95164490 90.95175934
90.98377228 90.98390961
91.02090454 91.02085876
91.06072998 91.06080627
91.09584808 91.09575653
91.13789368 91.13774109
91.17139435 91.17143250
91.21054077 91.21046448
91.24539948 91.24540710
91.27882385 91.27881622
91.31753540 91.31751251
91.35946655 91.35935211
91.39278412 91.39289856
91.43178558 91.43176270
91.46714020 91.46710205
91.50501251 91.50505829
91.54208374 91.54210663
91.57894135 91.57887268
91.61574554 91.61576080
91.65029907 91.65014648
91.68894958 91.68887329
91.72824860 91.72814941
91.76441956 91.76435852
91.80168915 91.80165863
91.83867645 91.83863831
91.87984467 91.87975311
91.91522980 91.91521454
91.95158386 91.95153809
91.98683929 91.98680115
92.02549744 92.02559662
92.06492615 92.06502533
92.10681915 92.10681152
92.14432526 92.14434052
92.17945099 92.17949677
92.21615601 92.21614075
92.25616455 92.25625610
92.29118347 92.29119110
92.33240509 92.33244324
92.36981201 92.36975861
92.40747833 92.40750122
92.44969177 92.44954681
92.48769379 92.48760223
92.52412415 92.52400208
92.56211853 92.56220245
92.60393524 92.60404968
92.64215088 92.64210510
92.67693329 92.67694092
92.72000122 92.72003174
92.75726318 92.75722504
92.79650879 92.79642487
92.84114838 92.84121704
92.87216187 92.87225342
92.91220856 92.91219330
92.94747162 92.94742584
92.98710632 92.98718262
93.03015137 93.03008270
93.06819153 93.06819916
93.10621643 93.10614014
93.14439392 93.14447784
93.18521881 93.18527985
93.22415924 93.22420502
93.26201630 93.26207733
93.30624390 93.30616760
93.34027100 93.34029388
93.37951660 93.37954712
93.41641998 93.41641998
93.45835876 93.45833588
93.49575043 93.49578857
93.53583527 93.53582001
93.57356262 93.57355499
93.61086273 93.61077118
93.65328217 93.65316010
93.68880463 93.68870544
93.72944641 93.72937775
93.76892853 93.76887512
93.80713654 93.80712128
93.84836578 93.84827423
93.88416290 93.88423920
93.93015289 93.92993927
93.96762085 93.96758270
94.00196075 94.00200653
94.03990936 94.03984070
94.08577728 94.08588409
94.11681366 94.11672974
94.15627289 94.15614319
94.19966888 94.19957733
94.23782349 94.23796082
94.28063965 94.28072357
94.32218933 94.32228851
94.36151886 94.36148071
94.39906311 94.39905548
94.43586731 94.43582153
94.48234558 94.48240662
94.51878357 94.51876831
94.55751038 94.55755615
94.59714508 94.59727478
94.63829041 94.63844299
94.67499542 94.67513275
94.71444702 94.71435547
94.75081635 94.75082397
94.79319763 94.79313660
94.83876801 94.83876801
94.87873077 94.87844086
94.91753387 94.91753387
94.95237732 94.95227051
94.99449158 94.99443054
95.03002167 95.02994537
95.07740784 95.07731628
95.11312866 95.11306000
95.15894318 95.15905762
95.19938660 95.19938660
95.23946381 95.23928833
95.27511597 95.27506256
95.31866455 95.31861877
95.35900879 95.35906219
95.40017700 95.40020752
95.43972778 95.43981171
95.48246765 95.48223877
95.52091217 95.52075958
95.56035614 95.56043243
95.60293579 95.60320282
95.64313507 95.64311218
95.68254089 95.68260956
95.72489929 95.72496796
95.76868439 95.76879883
95.81390381 95.81388092
95.84805298 95.84813690
95.89145660 95.89168549
95.93054962 95.93054962
95.96613312 95.96603394
96.01040649 96.01069641
96.05737305 96.05727386
96.09505463 96.09515381
96.13867950 96.13875580
96.17584229 96.17581177
96.22106171 96.22093964
96.26026917 96.26038361
96.30041504 96.30026245
96.34310150 96.34312439
96.38300323 96.38309479
96.42707062 96.42720795
96.46778107 96.46767426
96.51245880 96.51243591
96.54627991 96.54629517
96.58902740 96.58906555
96.63048553 96.63045502
96.66911316 96.66928101
96.71586609 96.71581268
96.75367737 96.75349426
96.79854584 96.79873657
96.83422852 96.83422852
96.88233948 96.88240051
96.92449188 96.92453003
96.96065521 96.96067047
97.00728607 97.00730133
97.05193329 97.05201721
97.09650421 97.09661102
97.13465881 97.13468933
97.17482758 97.17492676
97.21720886 97.21730042
97.25898743 97.25901031
97.30178833 97.30187225
97.34352112 97.34351349
97.38711548 97.38719177
97.43247986 97.43251038
97.47439575 97.47458649
97.51245880 97.51255035
97.55060577 97.55065155
97.59645844 97.59663391
97.63428497 97.63421631
97.67346191 97.67337036
97.71894836 97.71906281
97.76050568 97.76058197
97.79900360 97.79911804
97.83914948 97.83923340
97.88705444 97.88710785
97.92778778 97.92778015
97.96749115 97.96756744
98.01370239 98.01370239
98.05393219 98.05399323
98.09604645 98.09627533
98.13770294 98.13764191
98.18239594 98.18238068
98.22748566 98.22739410
98.26583862 98.26580048
98.30622101 98.30621338
98.34896088 98.34905243
98.39350891 98.39363861
98.43669891 98.43664551
98.47991943 98.47972870
98.53109741 98.53104401
98.57115936 98.57109833
98.61312103 98.61296844
98.65431976 98.65419006
98.69516754 98.69509125
98.73957062 98.73943329
98.78006744 98.77997589
98.82846832 98.82857513
98.86911011 98.86899567
98.91531372 98.91523743
98.95689392 98.95690155
99.00064087 99.00070953
99.04101562 99.04103851
99.08830261 99.08829498
99.13288879 99.13297272
99.17095184 99.17094421
99.21446991 99.21462250
99.26103210 99.26091003
99.30688477 99.30683899
99.34466553 99.34465790
99.38918304 99.38918304
99.43163300 99.43164825
99.47346497 99.47355652
99.51850128 99.51856995
99.56381989 99.56384277
99.60614777 99.60629272
99.65351868 99.65351105
99.69641113 99.69628906
99.73886871 99.73876953
99.78184509 99.78175354
99.82366180 99.82357788
99.87040710 99.87041473
99.91197968 99.91224670
99.95923615 99.95923615
100.00174713 100.00175476
100.04586792 100.04582214
100.09017181 100.09011078
100.13613129 100.13628387
100.17789459 100.17776489
100.21692657 100.21694183
100.26490021 100.26493073
100.31058502 100.31045532
100.35414124 100.35408783
100.39681244 100.39679718
100.43841553 100.43848419
100.48030853 100.48027039
100.53031158 100.53037262
100.56969452 100.56980133
100.61804199 100.61813354
100.65604401 100.65595245
100.70497894 100.70512390
100.74712372 100.74710083
100.79782104 100.79799652
100.83715820 100.83718872
100.88308716 100.88307190
100.93315125 100.93318939
100.97406769 100.97425079
101.02938080 101.02941132
101.06238556 101.06233215
101.10705566 101.10698700
101.15833282 101.15835571
101.20497894 101.20512390
101.24765015 101.24790955
101.28972626 101.28977203
101.33483124 101.33504486
101.37572479 101.37576294
101.42431641 101.42422485
101.46866608 101.46871948
101.51371765 101.51382446
101.55708313 101.55716705
101.60204315 101.60208130
101.64490509 101.64497375
101.69279480 101.69284058
101.73632050 101.73645020
101.78000641 101.78004456
101.81832123 101.81829071
101.86764526 101.86766052
101.91176605 101.91175842
101.95968628 101.95976257
102.00500488 102.00502014
102.04931641 102.04933929
102.09904480 102.09897614
102.14111328 102.14104462
102.18491364 102.18499756
102.23168945 102.23171234
102.27709961 102.27707672
102.32125854 102.32136536
102.36960602 102.36953735
102.41674042 102.41675568
102.45468903 102.45474243
102.50032043 102.50033569
102.54298401 102.54299927
