71.36526489 71.36536407
71.55168915 71.55168152
71.76290131 71.76278687
72.03217316 72.03219604
72.31300354 72.31302643
72.60002899 72.60005188
72.89634705 72.89634705
73.19940186 73.19936371
73.50358582 73.50354004
73.80502319 73.80499268
74.11121368 74.11109924
74.41671753 74.41684723
74.72261047 74.72274017
75.02481079 75.02481079
75.32022095 75.32020569
75.60942841 75.60929108
75.89157104 75.89157867
76.17112732 76.17106628
76.44693756 76.44696045
76.71489716 76.71500397
76.97897339 76.97887421
77.23807526 77.23819733
77.49111938 77.49104309
77.73562622 77.73554230
77.97660065 77.97644043
78.21179199 78.21174622
78.44078827 78.44069672
78.66326904 78.66314697
78.87860107 78.87867737
79.08691406 79.08690643
79.28801727 79.28801727
79.48162079 79.48158264
79.66797638 79.66785431
79.84674072 79.84672546
80.01825714 80.01824951
80.18255615 80.18261719
80.34020996 80.34022522
80.49111938 80.49109650
80.63610840 80.63619995
80.77561951 80.77550507
80.90982819 80.90964508
81.03919220 81.03923798
81.16447449 81.16456604
81.28601074 81.28601074
81.40417480 81.40418243
81.51938629 81.51937103
81.63192749 81.63185883
81.73789215 81.73799133
81.84518433 81.84513855
81.94532776 81.94516754
82.04364777 82.04354095
82.14194489 82.14183044
82.23947906 82.23947144
82.33593750 82.33581543
82.42783356 82.42789459
82.52027130 82.52032471
82.60873413 82.60881042
82.69889069 82.69892883
82.78883362 82.78883362
82.87813568 82.87820435
82.96195221 82.96199036
83.04889679 83.04892731
83.13172150 83.13171387
83.21663666 83.21668243
83.29804993 83.29808807
83.38050842 83.38056946
83.46294403 83.46302795
83.54505920 83.54509735
83.62670898 83.62678528
83.70827484 83.70813751
83.78918457 83.78918457
83.86978912 83.86980438
83.94995117 83.94997406
84.03012085 84.03000641
84.10980988 84.10984802
84.18948364 84.18931580
84.26874542 84.26869965
84.34790039 84.34793091
84.42620087 84.42614746
84.50193787 84.50195312
84.57581329 84.57579803
84.65145111 84.65142059
84.72728729 84.72727966
84.80311584 84.80310059
84.87877655 84.87879181
84.95417786 84.95416260
85.02942657 85.02941132
85.10440063 85.10433960
85.17909241 85.17916870
85.25350189 85.25357056
85.32760620 85.32762909
85.40143585 85.40138245
85.47499847 85.47495270
85.54818726 85.54822540
85.62126923 85.62125397
85.69390869 85.69389343
85.76638031 85.76638794
85.83862305 85.83860016
85.91047668 85.91056824
85.98222351 85.98218536
86.05361176 86.05363464
86.12484741 86.12477112
86.19586182 86.19584656
86.26655579 86.26660919
86.33707428 86.33710480
86.40728760 86.40720367
86.47741699 86.47737885
86.54730225 86.54721832
86.61695099 86.61685944
86.68629456 86.68631744
86.75546265 86.75547028
86.82445526 86.82442474
86.89306641 86.89305878
86.95794678 86.95812988
87.02534485 87.02542114
87.09263611 87.09272003
87.15970612 87.15975952
87.22647858 87.22644806
87.29308319 87.29304504
87.35575104 87.35580444
87.42086792 87.42084503
87.48566437 87.48564911
87.55058289 87.55061340
87.61492920 87.61498260
87.67922974 87.67917633
87.74325562 87.74327087
87.80699158 87.80693054
87.87022400 87.87021637
87.93343353 87.93332672
87.99618530 87.99622345
88.05869293 88.05879974
88.12085724 88.12094879
88.18292999 88.18295288
88.24434662 88.24442291
88.30560303 88.30575562
88.36672211 88.36686707
88.42756653 88.42750549
88.48785400 88.48790741
88.54795837 88.54797363
88.60778809 88.60786438
88.66735077 88.66728973
88.72653198 88.72652435
88.78547668 88.78555298
88.84406281 88.84408569
88.90234375 88.90244293
88.96048737 88.96049500
89.01831818 89.01840973
89.07591248 89.07589722
89.13310242 89.13323975
89.19017792 89.19022369
89.24702454 89.24707794
89.30367279 89.30363464
89.35995483 89.36000824
89.41609192 89.41619873
89.47205353 89.47206879
89.52784729 89.52785492
89.58341980 89.58341217
89.63885498 89.63887787
89.69400787 89.69407654
89.74901581 89.74902344
89.80387878 89.80396271
89.85836029 89.85847473
89.91286469 89.91288757
89.96704865 89.96709442
90.02108002 90.02106476
90.07473755 90.07466888
90.12826538 90.12820435
90.18168640 90.18172455
90.23474884 90.23478699
90.28772736 90.28779602
90.34059143 90.34060669
90.39308929 90.39314270
90.44543457 90.44548798
90.49763489 90.49772644
90.54966736 90.54989624
90.60149384 90.60156250
90.65314484 90.65328979
90.70455933 90.70466614
90.75585175 90.75582886
90.80683136 90.80693817
90.85768890 90.85766602
90.90845490 90.90841675
90.95880127 90.95868683
91.00895691 91.00886536
91.05903625 91.05913544
91.10891724 91.10893250
91.15852356 91.15856171
91.20794678 91.20798492
91.25720215 91.25730133
91.30642700 91.30635834
91.35522461 91.35527039
91.40407562 91.40405273
91.45256805 91.45250702
91.50068665 91.50071716
91.54893494 91.54893494
91.59684753 91.59681702
91.64467621 91.64457703
91.69232941 91.69221497
91.73982239 91.73979187
91.78691864 91.78700256
91.83396912 91.83388519
91.88075256 91.88082123
91.92743683 91.92752838
91.97402954 91.97399902
92.02033234 92.02034760
92.06440735 92.06439972
92.10929108 92.10940552
92.15443420 92.15444946
92.19940948 92.19945526
92.24433899 92.24425507
92.28902435 92.28918457
92.33366394 92.33374786
92.37793732 92.37800598
92.42218781 92.42228699
92.46639252 92.46642303
92.51049042 92.51042175
92.55443573 92.55435944
92.59797668 92.59803009
92.64156342 92.64160156
92.68500519 92.68502045
92.72848511 92.72839355
92.77165222 92.77159119
92.81254578 92.81252289
92.85434723 92.85435486
92.89646912 92.89638519
92.93826294 92.93827057
92.98023224 92.98013306
93.02185822 93.02188110
93.06333160 93.06339264
93.10489655 93.10505676
93.14627838 93.14636230
93.18750763 93.18743896
93.22853088 93.22848511
93.26952362 93.26958466
93.31035614 93.31041718
93.35110474 93.35121918
93.39153290 93.39151001
93.43190765 93.43193817
93.47209167 93.47215271
93.51212311 93.51210785
93.55202484 93.55213928
93.59201050 93.59193420
93.63178253 93.63182831
93.67134094 93.67140198
93.71079254 93.71086884
93.75027466 93.75033569
93.78952026 93.78951263
93.82848358 93.82852936
93.86745453 93.86744690
93.90631866 93.90632629
93.94497681 93.94491577
93.98359680 93.98345184
94.02201080 94.02203369
94.06034088 94.06030273
94.09853363 94.09860229
94.13662720 94.13665009
94.17445374 94.17444611
94.21218109 94.21219635
94.24977875 94.24980164
94.28731537 94.28731537
94.32483673 94.32480621
94.36203003 94.36199188
94.39916229 94.39908600
94.43611145 94.43611145
94.47296143 94.47295380
94.50967407 94.50972748
94.54634094 94.54628754
94.58287048 94.58297729
94.61920166 94.61919403
94.65547943 94.65554047
94.69156647 94.69156647
94.72760010 94.72752380
94.76345062 94.76345825
94.79935455 94.79925537
94.83514404 94.83503723
94.87070465 94.87056732
94.90605927 94.90612030
94.94161224 94.94163513
94.97691345 94.97692871
95.01048279 95.01049805
95.04513550 95.04499817
95.07963562 95.07968903
95.11428833 95.11437225
95.14892578 95.14891052
95.18329620 95.18332672
95.21788025 95.21783447
95.25232697 95.25222778
95.28660583 95.28675079
95.32097626 95.32109833
95.35528564 95.35541534
95.38950348 95.38966370
95.42372131 95.42363739
95.45787811 95.45796967
95.49192810 95.49196625
95.52587128 95.52601624
95.55979919 95.55982971
95.59373474 95.59373474
95.62763214 95.62754059
95.66127777 95.66130829
95.69500732 95.69509125
95.72854614 95.72859192
95.75963593 95.75965118
95.79230499 95.79229736
95.82496643 95.82506561
95.85787964 95.85790253
95.89051819 95.89056396
95.92305756 95.92330170
95.95565796 95.95578766
95.98830414 95.98838043
96.02076721 96.02088165
96.05315399 96.05335999
96.08563995 96.08556366
96.11804199 96.11799622
96.15028381 96.15023804
96.18241119 96.18230438
96.21443939 96.21430969
96.24637604 96.24636078
96.27838135 96.27838135
96.31015778 96.31030273
96.34191895 96.34193420
96.37357330 96.37371063
96.40537262 96.40535736
96.43688965 96.43692017
96.46842957 96.46851349
96.49982452 96.49989319
96.53131104 96.53133392
96.56257629 96.56265259
96.59369659 96.59381866
96.62478638 96.62490845
96.65585327 96.65605927
96.68695831 96.68705750
96.71791840 96.71797943
96.74890137 96.74887848
96.77960968 96.77966309
96.81033325 96.81037903
96.84104919 96.84109497
96.87176514 96.87176514
96.90237427 96.90225220
96.93298340 96.93279266
96.96329498 96.96333313
96.99364471 96.99375916
97.02395630 97.02404785
97.05423737 97.05442810
97.08117676 97.08132935
97.11071777 97.11071014
97.14041901 97.14041901
97.16989899 97.16981506
97.19949341 97.19947052
97.22901917 97.22895813
97.25849152 97.25852203
97.28784943 97.28790283
97.31729889 97.31738281
97.34669495 97.34680176
97.37625122 97.37630463
97.40550995 97.40567017
97.43474579 97.43489075
97.46394348 97.46410370
97.49317932 97.49333954
97.52251434 97.52257538
97.55168152 97.55168915
97.58078003 97.58075714
97.61001587 97.60996246
97.63924408 97.63923645
97.66829681 97.66822052
97.69734955 97.69734955
97.72639465 97.72645569
97.75556183 97.75556946
97.78466034 97.78474426
97.81378937 97.81378174
97.84277344 97.84275055
97.87178040 97.87182617
97.90077209 97.90072632
97.92987823 97.92979431
97.95890045 97.95886993
97.98793030 97.98785400
98.01673126 98.01683807
98.04581451 98.04582214
98.07469940 98.07482910
98.10359192 98.10370636
98.13248444 98.13259125
98.16133118 98.16142273
98.19011688 98.19012451
98.21882629 98.21898651
98.24736786 98.24755859
98.27624512 98.27641296
98.30504608 98.30500793
98.33356476 98.33367920
98.36222076 98.36222076
98.39093781 98.39093018
98.41931152 98.41945648
98.44786835 98.44806671
98.47643280 98.47649384
98.50497437 98.50505829
98.53340912 98.53348541
98.56176758 98.56182861
98.59008026 98.59018707
98.61847687 98.61856079
98.64670563 98.64678955
98.67510223 98.67494965
98.70336914 98.70336151
98.73146820 98.73155212
98.75977325 98.75968933
98.78787231 98.78791046
98.81587982 98.81594849
98.84386444 98.84389496
98.87194824 98.87190247
98.90001678 98.90000153
98.92784882 98.92793274
98.95568848 98.95576477
98.98352814 98.98362732
99.01139069 99.01120758
99.03907776 99.03899384
99.06687164 99.06682587
99.09441376 99.09437561
99.12201691 99.12195587
99.14958954 99.14958954
99.17716980 99.17704773
99.20472717 99.20465088
99.23211670 99.23220062
99.25946808 99.25950623
99.28672791 99.28691864
99.31415558 99.31426239
99.34154510 99.34156799
99.36894989 99.36890411
99.39614868 99.39613342
99.42332458 99.42324829
99.45055389 99.45055389
99.47759247 99.47776031
99.50473785 99.50471497
99.53179169 99.53178406
99.55889130 99.55892944
99.58592987 99.58604431
99.61317444 99.61305237
99.64017487 99.64008331
99.66709900 99.66697693
99.69408417 99.69397736
99.72093201 99.72104645
99.74781036 99.74800110
99.77487183 99.77494049
99.80171967 99.80167389
99.82863617 99.82871246
99.85561371 99.85562134
99.88239288 99.88230133
99.90906525 99.90907288
99.93593597 99.93597412
99.96273804 99.96264648
99.98939514 99.98937988
100.01605225 100.01607513
100.04273224 100.04286194
100.06939697 100.06938171
100.09608459 100.09612274
100.12277985 100.12274933
100.14933014 100.14944458
100.17588806 100.17588806
100.20233154 100.20238495
100.22882843 100.22879791
100.25525665 100.25524902
100.28163147 100.28173828
100.30805969 100.30809021
100.33438873 100.33447266
100.36078644 100.36097717
100.38717651 100.38731384
100.41355896 100.41362762
100.43986511 100.43981171
100.46610260 100.46621704
100.49234009 100.49228668
100.51873779 100.51865387
100.54495239 100.54505157
100.57100677 100.57115936
100.59719849 100.59722137
100.62339020 100.62336731
100.64935303 100.64952850
100.67565918 100.67577362
100.70178223 100.70163727
100.72774506 100.72770691
100.75366211 100.75362396
100.77970886 100.77965546
100.80566406 100.80557251
100.83164215 100.83156586
100.85736847 100.85739136
100.88330078 100.88341522
100.90923309 100.90921021
100.93511200 100.93502045
100.96081543 100.96086121
100.98672485 100.98659515
101.01247406 101.01250458
101.03813934 101.03827667
101.06385040 101.06396484
101.08946228 101.08946228
101.11514282 101.11520386
101.14087677 101.14082336
101.16641235 101.16641998
101.19211578 101.19203186
101.21777344 101.21762848
101.24317169 101.24324799
101.26881409 101.26871490
101.29421234 101.29414368
101.31960297 101.31957245
101.34507751 101.34516907
101.37042999 101.37070465
101.39589691 101.39601135
101.42135620 101.42131042
101.44670105 101.44665527
101.47211456 101.47200012
101.49724579 101.49730682
101.52260590 101.52257538
101.54762268 101.54761505
101.57285309 101.57294464
101.59800720 101.59817505
101.62322998 101.62332153
101.64837646 101.64844513
101.67351532 101.67350006
101.69876099 101.69858551
101.72373962 101.72360229
101.74890900 101.74883270
101.77386475 101.77366638
101.79891205 101.79877472
101.82386780 101.82389069
101.84883881 101.84876251
101.87366486 101.87368011
101.89853668 101.89864349
101.92336273 101.92338562
101.94824219 101.94822693
101.97301483 101.97301483
101.99774933 101.99784851
102.02247620 102.02256012
102.04743958 102.04738617
102.07205200 102.07198334
102.09647369 102.09651947
102.12081909 102.12065125
102.14504242 102.14517212
102.16956329 102.16944122
102.19379425 102.19381714
102.21807861 102.21815491
102.24240112 102.24250031
102.26667786 102.26670837
102.29106140 102.29095459
102.31521606 102.31507111
102.33946991 102.33949280
102.36375427 102.36383820
102.38804626 102.38799286
102.41226196 102.41223145
102.43643188 102.43643188
102.46062469 102.46063232
102.48454285 102.48464966
102.50866699 102.50866699
102.53291321 102.53295135
102.55696106 102.55690765
102.58100128 102.58098602
102.60494232 102.60498810
102.62899780 102.62891388
102.65303040 102.65294647
102.67693329 102.67708588
102.70101929 102.70096588
102.72488403 102.72484589
102.74888611 102.74872589
102.77269745 102.77269745
102.79655457 102.79650879
102.82020569 102.82035828
102.84418488 102.84430695
102.86801910 102.86814880
102.89175415 102.89180756
102.91560364 102.91548157
102.93931580 102.93917847
102.96292114 102.96291351
102.98673248 102.98667908
103.01038361 103.01034546
103.03398895 103.03396606
103.05751801 103.05761719
103.08116150 103.08125305
103.10462952 103.10475922
103.12834930 103.12841797
103.15198517 103.15199280
103.17553711 103.17541504
103.19882965 103.19892120
103.22241974 103.22247314
103.24594116 103.24594116
103.26946259 103.26943207
103.29286194 103.29297638
103.31628418 103.31634521
103.33959961 103.33972168
103.36311340 103.36307526
103.38654327 103.38643646
103.40992737 103.40992737
103.43317413 103.43318176
103.45649719 103.45649719
103.47831726 103.47834778
103.50069427 103.50064087
103.52352142 103.52354431
103.54639435 103.54652405
103.56938934 103.56940460
103.59247589 103.59240723
103.61531830 103.61531067
103.63822937 103.63826752
103.66115570 103.66129303
103.68432617 103.68424225
103.70722198 103.70713806
103.73003387 103.72998047
103.75285339 103.75292969
103.77577209 103.77582550
103.79872894 103.79866028
103.82151031 103.82154083
103.84435272 103.84440613
103.86726379 103.86728668
103.88996887 103.88994598
103.91269684 103.91284943
103.93546295 103.93542480
103.95823669 103.95820618
103.98099518 103.98088837
104.00373077 104.00360107
104.02636719 104.02641296
104.04905701 104.04901886
104.07160950 104.07159424
104.09431458 104.09432220
104.11692810 104.11693573
104.13957214 104.13961029
104.16230774 104.16231537
104.18491364 104.18486023
104.20762634 104.20762634
104.23014069 104.23009491
104.25258636 104.25246429
104.27508545 104.27497101
104.29760742 104.29755402
104.32012177 104.32012177
104.34260559 104.34243774
104.36488342 104.36495972
104.38745117 104.38731384
104.40986633 104.40967560
104.43162537 104.43162537
104.45292664 104.45288086
104.47297668 104.47297668
104.49437714 104.49448395
104.51579285 104.51580811
104.53735352 104.53735352
104.55917358 104.55912781
104.58081055 104.58078766
104.60250092 104.60249329
104.62422180 104.62413788
104.64598083 104.64604950
104.66770172 104.66770935
104.68955994 104.68946838
104.71134949 104.71126556
104.73306274 104.73302460
104.75468445 104.75479889
104.77668762 104.77661133
104.79841614 104.79817963
104.82004547 104.82007599
104.84168243 104.84167480
104.86317444 104.86335754
104.88485718 104.88481140
104.90647125 104.90653992
104.92826080 104.92823792
104.94979095 104.94979858
104.97129059 104.97132874
104.99301147 104.99302673
105.01441193 105.01447296
105.03607178 105.03612518
105.05774689 105.05782318
105.07928467 105.07935333
105.10069275 105.10073853
105.12216949 105.12204742
105.14354706 105.14347839
105.16499329 105.16524506
105.18647766 105.18650818
105.20774841 105.20787048
105.22924805 105.22918701
105.25065613 105.25061798
105.27204895 105.27191162
105.29334259 105.29319000
105.31443024 105.31443787
105.33576202 105.33568573
105.35684204 105.35681915
105.37814331 105.37815094
105.39958954 105.39959717
105.42070770 105.42063904
105.44184875 105.44205475
105.46306610 105.46302795
105.48421478 105.48406219
105.50550079 105.50547028
105.52644348 105.52645874
105.54748535 105.54748535
105.56851959 105.56847382
105.58954620 105.58940887
105.61046600 105.61038971
105.63150024 105.63127899
105.65229034 105.65224457
105.67318726 105.67322540
105.69411469 105.69413757
105.71488190 105.71508026
105.73580170 105.73582458
105.75669098 105.75668335
105.77743530 105.77753448
105.79831696 105.79830170
105.81909943 105.81900024
105.83997345 105.83997345
105.86052704 105.86061096
105.88105011 105.88116455
105.90195465 105.90186310
105.92251587 105.92266083
105.94316101 105.94317627
105.96382904 105.96389008
105.98441315 105.98448944
106.00498962 106.00498962
106.02557373 106.02572632
106.04624939 106.04635620
106.06661224 106.06671906
106.08729553 106.08740234
106.10780334 106.10783386
106.12851715 106.12847137
106.14890289 106.14888763
106.16941071 106.16941833
106.19001007 106.18985748
106.21046448 106.21040344
106.23109436 106.23103333
106.25157166 106.25170898
106.27159119 106.27169037
106.29153442 106.29165649
106.31182861 106.31176758
106.33194733 106.33190155
106.35203552 106.35194397
106.37227631 106.37243652
106.39247894 106.39256287
106.41273499 106.41304779
106.43312073 106.43315887
106.45324707 106.45336914
106.47360992 106.47372437
106.49378967 106.49372864
106.51396179 106.51400757
106.53441620 106.53433990
106.55451965 106.55458069
106.57466888 106.57482147
106.59474945 106.59479523
106.61513519 106.61501312
106.63529968 106.63528442
106.65560150 106.65551758
106.67575073 106.67568970
106.69580841 106.69583130
106.71600342 106.71603394
106.73596954 106.73609161
106.75611877 106.75609589
106.77629089 106.77639008
106.79635620 106.79640961
106.81669617 106.81671906
106.83674622 106.83682251
106.85688019 106.85684204
106.87712860 106.87706757
106.89727783 106.89711761
106.91728210 106.91735840
106.93740082 106.93746185
106.95738220 106.95753479
106.97756958 106.97743225
106.99766541 106.99753571
107.01784515 107.01775360
107.03788757 107.03796387
107.05807495 107.05796814
107.07843018 107.07849121
107.09961700 107.09973145
107.12120056 107.12122345
107.14217377 107.14233398
107.16340637 107.16342926
107.18421173 107.18417358
107.20455170 107.20460510
107.22493744 107.22487640
107.24529266 107.24521637
107.26550293 107.26553345
107.28585815 107.28575897
107.30596924 107.30599976
107.32593536 107.32588196
107.34589386 107.34597778
107.36596680 107.36592865
107.38619995 107.38623047
107.40592957 107.40611267
107.42596436 107.42596436
107.44587708 107.44591522
107.46582031 107.46560669
107.48545837 107.48558807
107.50514221 107.50525665
107.52503967 107.52508545
107.54490662 107.54495239
107.56448364 107.56459808
107.58429718 107.58412933
107.60392761 107.60396576
107.62372589 107.62379456
107.64337921 107.64332581
107.66323090 107.66306305
107.68276978 107.68284607
107.70256805 107.70250702
107.72222137 107.72208405
107.74172211 107.74178314
107.76147461 107.76144409
107.78109741 107.78107452
107.80071259 107.80065155
107.82018280 107.82028961
107.83983612 107.83982086
107.85947418 107.85966492
107.87922668 107.87915802
107.89880371 107.89868164
107.91828918 107.91820526
107.93765259 107.93766022
107.95735931 107.95721436
107.97691345 107.97689056
107.99642944 107.99642944
108.01602173 108.01596832
108.03556061 108.03556824
108.05496979 108.05482483
108.07447815 108.07451630
108.09398651 108.09396362
108.11362457 108.11359406
108.13324738 108.13312531
108.15278625 108.15256500
108.17211914 108.17204285
108.19155121 108.19145203
108.21099854 108.21092224
108.23040771 108.23051453
108.24977112 108.24990845
108.26922607 108.26940155
108.28861237 108.28859711
108.30800629 108.30802917
108.32752991 108.32741547
108.34678650 108.34672546
108.36615753 108.36634827
108.38560486 108.38555145
108.40504456 108.40487671
108.42437744 108.42426300
108.44378662 108.44372559
108.46318054 108.46312714
108.48241425 108.48238373
108.50187683 108.50164795
108.52136230 108.52124023
108.54066467 108.54059601
108.55989838 108.55990601
108.57935333 108.57920837
108.59882355 108.59870148
108.61816406 108.61820221
108.63743591 108.63755035
108.65701294 108.65702057
108.67652130 108.67633820
108.69585419 108.69589233
108.71530151 108.71530151
108.73454285 108.73445129
108.75402069 108.75387573
108.77342987 108.77338409
108.79277802 108.79274750
108.81223297 108.81226349
108.83171844 108.83173370
108.85115814 108.85130310
108.87054443 108.87062073
108.89006805 108.89012909
108.90974426 108.90965271
108.92919159 108.92903137
108.94853210 108.94868469
108.96779633 108.96794128
108.98718262 108.98725128
109.00669098 109.00659180
109.02608490 109.02602386
109.04534912 109.04528046
109.06482697 109.06484222
109.08414459 109.08393097
109.10354614 109.10350037
109.12310028 109.12304688
109.14237976 109.14246368
109.16175842 109.16190338
109.18119049 109.18109894
109.20052338 109.20041656
109.21985626 109.21977997
109.23908234 109.23907471
109.25832367 109.25833893
109.27772522 109.27777863
109.29711151 109.29721069
109.31642151 109.31648254
109.33568573 109.33572388
109.35530090 109.35512543
109.37450409 109.37447357
109.39408112 109.39393616
109.41341400 109.41345215
109.43272400 109.43274689
109.45204163 109.45220184
109.47148132 109.47154236
109.49098969 109.49083710
109.51030731 109.51016998
109.52962494 109.52954102
109.54882050 109.54885101
109.56815338 109.56792450
109.58756256 109.58734131
109.60689545 109.60668945
109.62606049 109.62596130
109.64515686 109.64513397
109.66445923 109.66448975
109.68363953 109.68370056
109.70304108 109.70293427
109.72223663 109.72210693
109.74137878 109.74135590
109.76037598 109.76052856
109.77978516 109.77978516
109.79898834 109.79890442
109.81802368 109.81799316
109.83711243 109.83710480
109.85624695 109.85620880
109.87555695 109.87546539
109.89469147 109.89451599
109.91390228 109.91393280
109.93302155 109.93312836
109.95229340 109.95239258
109.97144318 109.97157288
109.99018097 109.99037933
110.00949097 110.00952911
110.02854156 110.02851105
110.04787445 110.04786682
110.06712341 110.06703949
110.08634186 110.08612061
110.10512543 110.10510254
110.12432861 110.12403870
110.14343262 110.14343262
110.16250610 110.16239166
110.18151093 110.18159485
110.20077515 110.20069885
110.21988678 110.21956635
110.23876190 110.23882294
110.25798035 110.25795746
110.27723694 110.27705383
110.29593658 110.29603577
110.31503296 110.31505585
110.33399963 110.33402252
110.35305023 110.35292816
110.37223053 110.37224579
110.39120483 110.39120483
110.41049194 110.41037750
110.42965698 110.42955017
110.44850159 110.44831085
110.46742249 110.46736145
110.48629761 110.48618317
110.50545502 110.50534821
110.52452850 110.52435303
110.54343414 110.54354095
110.56254578 110.56266785
110.58162689 110.58159637
110.60076141 110.60064697
110.61978912 110.61976624
110.63890076 110.63898468
110.65803528 110.65802002
110.67674255 110.67678070
110.69578552 110.69574738
110.71475220 110.71476746
110.73377228 110.73392487
110.75292969 110.75299072
110.77201080 110.77202606
110.79098511 110.79083252
110.80935669 110.80937958
110.82832336 110.82832336
110.84655762 110.84640503
110.86528015 110.86521149
110.88381958 110.88382721
110.90232086 110.90242767
110.92111969 110.92103577
110.93978119 110.93976593
110.95848846 110.95840454
110.97722626 110.97718048
110.99610901 110.99581909
111.01477814 111.01451874
111.03308105 111.03309631
111.05185699 111.05184937
111.07075500 111.07064056
111.08943939 111.08943939
111.10823822 111.10808563
111.12687683 111.12678528
111.14556122 111.14552307
111.16452026 111.16452789
111.18325806 111.18320465
111.20230865 111.20217896
111.22093964 111.22085571
111.23966217 111.23967743
111.25824738 111.25828552
111.27700806 111.27691650
111.29583740 111.29581451
111.31476593 111.31465149
111.33362579 111.33338928
111.35199738 111.35180664
111.37004852 111.36992645
111.38846588 111.38850403
111.40685272 111.40689087
111.42537689 111.42521667
111.44400787 111.44369507
111.46270752 111.46249390
111.48131561 111.48133087
111.50010681 111.50013733
111.51881409 111.51856995
111.53752899 111.53749084
111.55638123 111.55637360
111.57505035 111.57516479
111.59372711 111.59378052
111.61245728 111.61253357
111.63108826 111.63105011
111.64992523 111.65006256
111.66867065 111.66861725
111.68758392 111.68753815
111.70637512 111.70632935
111.72517395 111.72528076
111.74401093 111.74397278
111.76274872 111.76258850
111.78166199 111.78158569
