14.75004768 3.98278379 3.98278308 14.75002384
14.80979347 3.89703059 3.88676858 15.02110672
14.78207874 3.81017709 3.79161906 14.93753433
14.66848946 3.72331285 3.69527125 14.75204182
14.56021881 3.63858414 3.60163927 14.54438496
14.46512604 3.55818939 3.51191044 14.32907486
14.37385368 3.48375344 3.42687368 14.10856056
14.28805351 3.41326308 3.34584570 13.88552761
14.20888329 3.34834862 3.27008748 13.66351509
14.13774586 3.28843379 3.20001006 13.44650269
14.07662773 3.23705554 3.13864517 13.23976040
14.02396870 3.19514585 3.08708882 13.04763603
13.97451210 3.16131330 3.04334068 12.87260914
13.92030907 3.13380289 3.00569153 12.71100044
13.85806942 3.11101842 2.97270083 12.55003166
13.78831387 3.08979797 2.94231534 12.37870312
13.71605110 3.06965041 2.91416335 12.19371510
13.64720535 3.05088711 2.88832259 11.99700260
13.58709240 3.03401160 2.86505485 11.79193211
13.53954506 3.01936293 2.84469867 11.58179379
13.50463200 3.00693989 2.82743073 11.36923599
13.47614098 2.99621224 2.81274223 11.15593719
13.44061852 2.98610687 2.79965854 10.94271183
13.38825226 2.97577381 2.78742433 10.73071194
13.31768990 2.96524525 2.77577376 10.52229404
13.23772907 2.95513487 2.76501155 10.32031631
13.15619469 2.94594765 2.75556731 10.12559032
13.07463551 2.93798137 2.74727988 9.93730259
12.98963547 2.93079805 2.73969626 9.75435543
12.89934731 2.92419219 2.73254156 9.57704258
12.80356598 2.91774368 2.72565579 9.40610790
12.70230865 2.91121173 2.71879220 9.24209499
12.59654617 2.90451527 2.71195984 9.08485699
12.48721409 2.89764810 2.70520306 8.93414307
12.37578773 2.89069438 2.69861674 8.79005146
12.26339531 2.88371491 2.69225645 8.65219307
12.15079021 2.87685180 2.68619156 8.51981544
12.04011059 2.87027454 2.68062234 8.39357567
11.93160534 2.86398792 2.67558098 8.27302551
11.82521343 2.85799718 2.67104411 8.15805626
11.72090149 2.85231233 2.66698670 8.04871464
11.61892986 2.84697437 2.66347861 7.94496012
11.51954365 2.84200597 2.66055942 7.84658432
11.42308521 2.83742642 2.65825105 7.75350952
11.33059978 2.83331609 2.65663815 7.66597080
11.24179554 2.82968497 2.65570951 7.58312511
11.15966225 2.82677031 2.65572238 7.50539351
11.08049870 2.82427001 2.65620899 7.43164015
11.00427246 2.82206821 2.65714502 7.36101913
10.93155193 2.82029819 2.65867257 7.29440451
10.86345959 2.81894922 2.66075540 7.23195553
10.79910088 2.81804442 2.66339922 7.17318583
10.73762989 2.81743360 2.66638112 7.11770058
10.67945862 2.81721926 2.66979766 7.06555176
10.62449169 2.81737256 2.67362142 7.01691914
10.57414341 2.81802559 2.67804122 6.97211933
10.52724361 2.81909060 2.68287563 6.93001509
10.48099899 2.82034159 2.68786287 6.88977814
10.43641281 2.82189107 2.69310641 6.85242510
10.39245796 2.82365990 2.69855475 6.81715631
10.34955692 2.82566857 2.70422292 6.78398037
10.30969906 2.82809043 2.71030211 6.75357199
10.27078533 2.83075309 2.71659231 6.72510052
10.23335838 2.83365273 2.72306442 6.69843769
10.19866180 2.83692646 2.72987270 6.67419481
10.16587257 2.84042192 2.73683405 6.65174198
10.13451290 2.84415507 2.74396300 6.63102627
10.10534573 2.84814620 2.75125360 6.61199808
10.07717800 2.85229826 2.75859952 6.59414148
10.04937267 2.85654235 2.76591945 6.57747793
10.02093887 2.86078453 2.77311802 6.56200027
9.99095726 2.86493397 2.78010678 6.54767323
9.95897865 2.86895108 2.78685665 6.53466129
9.92483902 2.87282324 2.79337144 6.52237415
9.88752079 2.87643528 2.79954982 6.51070404
9.84798145 2.87988257 2.80548167 6.49991798
9.80579376 2.88305855 2.81107831 6.48987722
9.76274681 2.88616085 2.81654263 6.48079634
9.71809578 2.88903642 2.82173944 6.47261572
9.67375946 2.89192152 2.82690358 6.46562672
9.62934399 2.89470887 2.83193159 6.46006012
9.58691788 2.89762068 2.83703685 6.45576000
9.54367542 2.90035987 2.84197617 6.45147896
9.50135136 2.90314102 2.84693551 6.44803095
9.46065044 2.90602493 2.85196543 6.44622183
9.42178822 2.90898538 2.85703039 6.44533300
9.38502216 2.91207933 2.86217093 6.44501305
9.34930706 2.91517067 2.86724305 6.44469452
9.31465816 2.91826487 2.87230420 6.44477463
9.28171158 2.92151427 2.87749267 6.44529867
9.24841976 2.92466784 2.88254762 6.44562626
9.21524143 2.92774129 2.88748717 6.44584322
9.18344688 2.93081021 2.89239192 6.44635344
9.15318680 2.93391418 2.89730906 6.44780540
9.12613964 2.93720174 2.90235543 6.45005322
9.09958267 2.94045353 2.90737200 6.45183563
9.07314301 2.94366264 2.91233397 6.45304823
9.04773998 2.94689274 2.91725922 6.45431137
9.02347851 2.95013785 2.92216229 6.45570993
9.00017357 2.95339894 2.92704678 6.45726442
